DEPT    .M	DEN     .g/cm3
795.37	2.221
795.42	2.233
795.47	2.237
795.52	2.227
795.57	2.201
795.62	2.176
795.67	2.159
795.72	2.147
795.77	2.138
795.82	2.15
795.87	2.165
795.92	2.17
795.97	2.163
796.02	2.167
796.07	2.161
796.12	2.164
796.17	2.166
796.22	2.177
796.27	2.185
796.32	2.195
796.37	2.202
796.42	2.202
796.47	2.197
796.52	2.193
796.57	2.19
796.62	2.189
796.67	2.183
796.72	2.173
796.77	2.156
796.82	2.137
796.87	2.122
796.92	2.113
796.97	2.113
797.02	2.123
797.07	2.138
797.12	2.157
797.17	2.173
797.22	2.194
797.27	2.214
797.32	2.233
797.37	2.241
797.42	2.234
797.47	2.215
797.52	2.186
797.57	2.156
797.62	2.141
797.67	2.137
797.72	2.139
797.77	2.125
797.82	2.125
797.87	2.119
797.92	2.11
797.97	2.097
798.02	2.088
798.07	2.099
798.12	2.106
798.17	2.11
798.22	2.121
798.27	2.124
798.32	2.119
798.37	2.113
798.42	2.117
798.47	2.129
798.52	2.146
798.57	2.145
798.62	2.167
798.67	2.167
798.72	2.16
798.77	2.159
798.82	2.145
798.87	2.133
798.92	2.123
798.97	2.116
799.02	2.116
799.07	2.123
799.12	2.137
799.17	2.151
799.22	2.166
799.27	2.182
799.32	2.201
799.37	2.201
799.42	2.22
799.47	2.229
799.52	2.222
799.57	2.196
799.62	2.164
799.67	2.148
799.72	2.144
799.77	2.137
799.82	2.131
799.87	2.118
799.92	2.11
799.97	2.105
800.02	2.11
800.07	2.11
800.12	2.103
800.17	2.112
800.22	2.12
800.27	2.122
800.32	2.117
800.37	2.09
800.42	2.081
800.47	2.07
800.52	2.053
800.57	2.036
800.62	2.017
800.67	2.004
800.72	2.001
800.77	2.007
800.82	2.01
800.87	2.02
800.92	2.025
800.97	2.027
801.02	2.023
801.07	2.018
801.12	2.028
801.17	2.018
801.22	2.011
801.27	2.004
801.32	2.006
801.37	2.008
801.42	2.023
801.47	2.042
801.52	2.062
801.57	2.064
801.62	2.077
801.67	2.073
801.72	2.056
801.77	2.034
801.82	2.008
801.87	2
801.92	1.98
801.97	1.961
802.02	1.943
802.07	1.936
802.12	1.947
802.17	1.967
802.22	1.995
802.27	2.016
802.32	2.013
802.37	2.011
802.42	2.02
802.47	2.035
802.52	2.067
802.57	2.095
802.62	2.115
802.67	2.125
802.72	2.122
802.77	2.117
802.82	2.111
802.87	2.124
802.92	2.118
802.97	2.11
803.02	2.103
803.07	2.1
803.12	2.099
803.17	2.106
803.22	2.119
803.27	2.144
803.32	2.171
803.37	2.192
803.42	2.206
803.47	2.207
803.52	2.208
803.57	2.207
803.62	2.2
803.67	2.213
803.72	2.224
803.77	2.217
803.82	2.204
803.87	2.202
803.92	2.184
803.97	2.18
804.02	2.179
804.07	2.183
804.12	2.187
804.17	2.18
804.22	2.175
804.27	2.171
804.32	2.178
804.37	2.192
804.42	2.212
804.47	2.229
804.52	2.236
804.57	2.233
804.62	2.225
804.67	2.21
804.72	2.199
804.77	2.195
804.82	2.2
804.87	2.209
804.92	2.221
804.97	2.229
805.02	2.235
805.07	2.239
805.12	2.245
805.17	2.237
805.22	2.246
805.27	2.243
805.32	2.236
805.37	2.227
805.42	2.224
805.47	2.228
805.52	2.236
805.57	2.236
805.62	2.231
805.67	2.211
805.72	2.2
805.77	2.172
805.82	2.139
805.87	2.11
805.92	2.082
805.97	2.062
806.02	2.062
806.07	2.077
806.12	2.107
806.17	2.136
806.22	2.156
806.27	2.157
806.32	2.15
806.37	2.14
806.42	2.143
806.47	2.149
806.52	2.157
806.57	2.165
806.62	2.17
806.67	2.175
806.72	2.188
806.77	2.202
806.82	2.227
806.87	2.26
806.92	2.297
806.97	2.329
807.02	2.35
807.07	2.345
807.12	2.344
807.17	2.323
807.22	2.29
807.27	2.263
807.32	2.262
807.37	2.254
807.42	2.248
807.47	2.244
807.52	2.245
807.57	2.252
807.62	2.258
807.67	2.261
807.72	2.261
807.77	2.251
807.82	2.245
807.87	2.24
807.92	2.237
807.97	2.225
808.02	2.227
808.07	2.224
808.12	2.21
808.17	2.189
808.22	2.174
808.27	2.174
808.32	2.176
808.37	2.18
808.42	2.179
808.47	2.18
808.52	2.184
808.57	2.186
808.62	2.206
808.67	2.229
808.72	2.248
808.77	2.263
808.82	2.266
808.87	2.277
808.92	2.272
808.97	2.259
809.02	2.247
809.07	2.238
809.12	2.235
809.17	2.241
809.22	2.251
809.27	2.271
809.32	2.288
809.37	2.301
809.42	2.292
809.47	2.275
809.52	2.247
809.57	2.227
809.62	2.219
809.67	2.22
809.72	2.222
809.77	2.227
809.82	2.226
809.87	2.223
809.92	2.219
809.97	2.213
810.02	2.208
810.07	2.207
810.12	2.209
810.17	2.214
810.22	2.225
810.27	2.249
810.32	2.266
810.37	2.287
810.42	2.291
810.47	2.283
810.52	2.264
810.57	2.251
810.62	2.249
810.67	2.257
810.72	2.271
810.77	2.275
810.82	2.273
810.87	2.268
810.92	2.261
810.97	2.251
811.02	2.246
811.07	2.236
811.12	2.224
811.17	2.206
811.22	2.187
811.27	2.181
811.32	2.185
811.37	2.196
811.42	2.218
811.47	2.232
811.52	2.248
811.57	2.249
811.62	2.242
811.67	2.221
811.72	2.197
811.77	2.186
811.82	2.176
811.87	2.175
811.92	2.17
811.97	2.172
812.02	2.176
812.07	2.191
812.12	2.2
812.17	2.209
812.22	2.211
812.27	2.21
812.32	2.215
812.37	2.22
812.42	2.233
812.47	2.243
812.52	2.258
812.57	2.273
812.62	2.296
812.67	2.322
812.72	2.344
812.77	2.355
812.82	2.36
812.87	2.351
812.92	2.343
812.97	2.335
813.02	2.324
813.07	2.315
813.12	2.305
813.17	2.292
813.22	2.276
813.27	2.262
813.32	2.247
813.37	2.237
813.42	2.236
813.47	2.242
813.52	2.236
813.57	2.239
813.62	2.252
813.67	2.251
813.72	2.254
813.77	2.264
813.82	2.272
813.87	2.27
813.92	2.264
813.97	2.248
814.02	2.232
814.07	2.223
814.12	2.22
814.17	2.214
814.22	2.215
814.27	2.217
814.32	2.222
814.37	2.23
814.42	2.242
814.47	2.248
814.52	2.248
814.57	2.242
814.62	2.24
814.67	2.247
814.72	2.263
814.77	2.286
814.82	2.306
814.87	2.32
814.92	2.324
814.97	2.326
815.02	2.322
815.07	2.31
815.12	2.293
815.17	2.265
815.22	2.24
815.27	2.23
815.32	2.23
815.37	2.243
815.42	2.254
815.47	2.265
815.52	2.266
815.57	2.27
815.62	2.273
815.67	2.274
815.72	2.279
815.77	2.288
815.82	2.291
815.87	2.289
815.92	2.284
815.97	2.281
816.02	2.279
816.07	2.279
816.12	2.277
816.17	2.262
816.22	2.234
816.27	2.21
816.32	2.195
816.37	2.19
816.42	2.189
816.47	2.18
816.52	2.168
816.57	2.16
816.62	2.153
816.67	2.155
816.72	2.158
816.77	2.158
816.82	2.16
816.87	2.153
816.92	2.148
816.97	2.148
817.02	2.133
817.07	2.132
817.12	2.141
817.17	2.147
817.22	2.159
817.27	2.161
817.32	2.179
817.37	2.183
817.42	2.187
817.47	2.196
817.52	2.215
817.57	2.224
817.62	2.239
817.67	2.235
817.72	2.211
817.77	2.175
817.82	2.152
817.87	2.143
817.92	2.153
817.97	2.168
818.02	2.182
818.07	2.191
818.12	2.203
818.17	2.241
818.22	2.251
818.27	2.26
818.32	2.266
818.37	2.268
818.42	2.272
818.47	2.273
818.52	2.263
818.57	2.251
818.62	2.24
818.67	2.239
818.72	2.228
818.77	2.235
818.82	2.249
818.87	2.26
818.92	2.277
818.97	2.293
819.02	2.287
819.07	2.269
819.12	2.258
819.17	2.236
819.22	2.219
819.27	2.207
819.32	2.2
819.37	2.201
819.42	2.2
819.47	2.203
819.52	2.207
819.57	2.205
819.62	2.201
819.67	2.185
819.72	2.169
819.77	2.16
819.82	2.158
819.87	2.163
819.92	2.168
819.97	2.173
820.02	2.173
820.07	2.168
820.12	2.165
820.17	2.171
820.22	2.179
820.27	2.187
820.32	2.188
820.37	2.188
820.42	2.192
820.47	2.177
820.52	2.177
820.57	2.169
820.62	2.165
820.67	2.179
820.72	2.168
820.77	2.165
820.82	2.174
820.87	2.164
820.92	2.163
820.97	2.165
821.02	2.155
821.07	2.163
821.12	2.167
821.17	2.173
821.22	2.183
821.27	2.191
821.32	2.194
821.37	2.183
821.42	2.184
821.47	2.17
821.52	2.158
821.57	2.16
821.62	2.172
821.67	2.186
821.72	2.202
821.77	2.203
821.82	2.204
821.87	2.197
821.92	2.189
821.97	2.182
822.02	2.18
822.07	2.185
822.12	2.189
822.17	2.172
822.22	2.182
822.27	2.172
822.32	2.166
822.37	2.165
822.42	2.171
822.47	2.174
822.52	2.183
822.57	2.191
822.62	2.202
822.67	2.199
822.72	2.227
822.77	2.236
822.82	2.246
822.87	2.258
822.92	2.279
822.97	2.302
823.02	2.32
823.07	2.337
823.12	2.33
823.17	2.333
823.22	2.319
823.27	2.296
823.32	2.282
823.37	2.257
823.42	2.248
823.47	2.256
823.52	2.274
823.57	2.289
823.62	2.299
823.67	2.297
823.72	2.305
823.77	2.315
823.82	2.323
823.87	2.313
823.92	2.281
823.97	2.245
824.02	2.219
824.07	2.21
824.12	2.214
824.17	2.222
824.22	2.236
824.27	2.246
824.32	2.251
824.37	2.253
824.42	2.253
824.47	2.245
824.52	2.235
824.57	2.226
824.62	2.214
824.67	2.208
824.72	2.205
824.77	2.21
824.82	2.211
824.87	2.209
824.92	2.21
824.97	2.211
825.02	2.213
825.07	2.224
825.12	2.24
825.17	2.249
825.22	2.244
825.27	2.226
825.32	2.204
825.37	2.194
825.42	2.196
825.47	2.204
825.52	2.208
825.57	2.206
825.62	2.211
825.67	2.215
825.72	2.223
825.77	2.219
825.82	2.206
825.87	2.199
825.92	2.197
825.97	2.211
826.02	2.227
826.07	2.239
826.12	2.247
826.17	2.243
826.22	2.253
826.27	2.261
826.32	2.251
826.37	2.233
826.42	2.215
826.47	2.196
826.52	2.204
826.57	2.203
826.62	2.211
826.67	2.229
826.72	2.246
826.77	2.258
826.82	2.264
826.87	2.265
826.92	2.262
826.97	2.266
827.02	2.268
827.07	2.267
827.12	2.252
827.17	2.252
827.22	2.266
827.27	2.264
827.32	2.25
827.37	2.241
827.42	2.233
827.47	2.229
827.52	2.234
827.57	2.24
827.62	2.256
827.67	2.266
827.72	2.267
827.77	2.268
827.82	2.259
827.87	2.249
827.92	2.243
827.97	2.228
828.02	2.234
828.07	2.25
828.12	2.256
828.17	2.258
828.22	2.244
828.27	2.217
828.32	2.192
828.37	2.19
828.42	2.18
828.47	2.183
828.52	2.189
828.57	2.196
828.62	2.19
828.67	2.184
828.72	2.178
828.77	2.177
828.82	2.176
828.87	2.174
828.92	2.174
828.97	2.175
829.02	2.167
829.07	2.183
829.12	2.206
829.17	2.217
829.22	2.232
829.27	2.24
829.32	2.243
829.37	2.247
829.42	2.244
829.47	2.24
829.52	2.238
829.57	2.234
829.62	2.234
829.67	2.254
829.72	2.255
829.77	2.274
829.82	2.284
829.87	2.308
829.92	2.314
829.97	2.299
830.02	2.279
830.07	2.256
830.12	2.248
830.17	2.243
830.22	2.245
830.27	2.244
830.32	2.246
830.37	2.249
830.42	2.242
830.47	2.228
830.52	2.211
830.57	2.205
830.62	2.203
830.67	2.208
830.72	2.215
830.77	2.218
830.82	2.228
830.87	2.238
830.92	2.25
830.97	2.275
831.02	2.296
831.07	2.306
831.12	2.299
831.17	2.285
831.22	2.279
831.27	2.258
831.32	2.243
831.37	2.232
831.42	2.226
831.47	2.211
831.52	2.223
831.57	2.229
831.62	2.238
831.67	2.238
831.72	2.249
831.77	2.25
831.82	2.249
831.87	2.235
831.92	2.235
831.97	2.23
832.02	2.235
832.07	2.246
832.12	2.262
832.17	2.282
832.22	2.303
832.27	2.33
832.32	2.358
832.37	2.378
832.42	2.36
832.47	2.354
832.52	2.322
832.57	2.29
832.62	2.271
832.67	2.266
832.72	2.269
832.77	2.263
832.82	2.272
832.87	2.275
832.92	2.274
832.97	2.264
833.02	2.25
833.07	2.257
833.12	2.251
833.17	2.25
833.22	2.25
833.27	2.259
833.32	2.276
833.37	2.298
833.42	2.311
833.47	2.315
833.52	2.316
833.57	2.317
833.62	2.32
833.67	2.325
833.72	2.321
833.77	2.31
833.82	2.296
833.87	2.288
833.92	2.29
833.97	2.293
834.02	2.288
834.07	2.294
834.12	2.293
834.17	2.28
834.22	2.28
834.27	2.261
834.32	2.243
834.37	2.233
834.42	2.229
834.47	2.231
834.52	2.235
834.57	2.242
834.62	2.246
834.67	2.251
834.72	2.253
834.77	2.253
834.82	2.248
834.87	2.237
834.92	2.226
834.97	2.227
835.02	2.221
835.07	2.244
835.12	2.261
835.17	2.263
835.22	2.256
835.27	2.272
835.32	2.273
835.37	2.283
835.42	2.282
835.47	2.273
835.52	2.256
835.57	2.239
835.62	2.227
835.67	2.225
835.72	2.207
835.77	2.204
835.82	2.214
835.87	2.211
835.92	2.215
835.97	2.23
836.02	2.253
836.07	2.27
836.12	2.289
836.17	2.29
836.22	2.276
836.27	2.248
836.32	2.224
836.37	2.222
836.42	2.23
836.47	2.246
836.52	2.249
836.57	2.243
836.62	2.228
836.67	2.222
836.72	2.216
836.77	2.216
836.82	2.222
836.87	2.218
836.92	2.198
836.97	2.199
837.02	2.189
837.07	2.188
837.12	2.194
837.17	2.199
837.22	2.199
837.27	2.192
837.32	2.169
837.37	2.164
837.42	2.169
837.47	2.172
837.52	2.172
837.57	2.172
837.62	2.178
837.67	2.208
837.72	2.223
837.77	2.233
837.82	2.233
837.87	2.209
837.92	2.2
837.97	2.191
838.02	2.193
838.07	2.18
838.12	2.156
838.17	2.15
838.22	2.141
838.27	2.141
838.32	2.153
838.37	2.17
838.42	2.184
838.47	2.169
838.52	2.163
838.57	2.148
838.62	2.132
838.67	2.112
838.72	2.117
838.77	2.096
838.82	2.099
838.87	2.112
838.92	2.104
838.97	2.094
839.02	2.095
839.07	2.116
839.12	2.145
839.17	2.177
839.22	2.197
839.27	2.192
839.32	2.196
839.37	2.203
839.42	2.213
839.47	2.228
839.52	2.234
839.57	2.224
839.62	2.205
839.67	2.19
839.72	2.191
839.77	2.211
839.82	2.234
839.87	2.235
839.92	2.247
839.97	2.235
840.02	2.231
840.07	2.241
840.12	2.262
840.17	2.284
840.22	2.297
840.27	2.306
840.32	2.318
840.37	2.346
840.42	2.384
840.47	2.416
840.52	2.436
840.57	2.441
840.62	2.426
840.67	2.421
840.72	2.419
840.77	2.406
840.82	2.374
840.87	2.331
840.92	2.289
840.97	2.254
841.02	2.239
841.07	2.223
841.12	2.209
841.17	2.19
841.22	2.174
841.27	2.172
841.32	2.177
841.37	2.193
841.42	2.202
841.47	2.203
841.52	2.195
841.57	2.202
841.62	2.203
841.67	2.201
841.72	2.21
841.77	2.222
841.82	2.219
841.87	2.237
841.92	2.252
841.97	2.277
842.02	2.288
842.07	2.298
842.12	2.309
842.17	2.311
842.22	2.315
842.27	2.322
842.32	2.319
842.37	2.313
842.42	2.308
842.47	2.308
842.52	2.317
842.57	2.316
842.62	2.323
842.67	2.325
842.72	2.322
842.77	2.333
842.82	2.317
842.87	2.298
842.92	2.284
842.97	2.274
843.02	2.265
843.07	2.244
843.12	2.243
843.17	2.235
843.22	2.222
843.27	2.214
843.32	2.24
843.37	2.252
843.42	2.272
843.47	2.282
843.52	2.29
843.57	2.299
843.62	2.309
843.67	2.322
843.72	2.335
843.77	2.338
843.82	2.338
843.87	2.331
843.92	2.324
843.97	2.316
844.02	2.315
844.07	2.322
844.12	2.335
844.17	2.343
844.22	2.346
844.27	2.343
844.32	2.339
844.37	2.337
844.42	2.331
844.47	2.328
844.52	2.327
844.57	2.324
844.62	2.318
844.67	2.302
844.72	2.294
844.77	2.288
844.82	2.295
844.87	2.301
844.92	2.3
844.97	2.293
845.02	2.285
845.07	2.286
845.12	2.286
845.17	2.29
845.22	2.293
845.27	2.296
845.32	2.296
845.37	2.296
845.42	2.284
845.47	2.276
845.52	2.275
845.57	2.279
845.62	2.283
845.67	2.282
845.72	2.271
845.77	2.257
845.82	2.236
845.87	2.213
845.92	2.189
845.97	2.17
846.02	2.159
846.07	2.159
846.12	2.169
846.17	2.185
846.22	2.208
846.27	2.231
846.32	2.251
846.37	2.26
846.42	2.26
846.47	2.255
846.52	2.255
846.57	2.25
846.62	2.249
846.67	2.25
846.72	2.25
846.77	2.251
846.82	2.251
846.87	2.258
846.92	2.268
846.97	2.289
847.02	2.308
847.07	2.315
847.12	2.308
847.17	2.293
847.22	2.282
847.27	2.278
847.32	2.273
847.37	2.256
847.42	2.229
847.47	2.209
847.52	2.199
847.57	2.213
847.62	2.224
847.67	2.233
847.72	2.233
847.77	2.225
847.82	2.221
847.87	2.208
847.92	2.195
847.97	2.18
848.02	2.174
848.07	2.178
848.12	2.193
848.17	2.21
848.22	2.223
848.27	2.234
848.32	2.251
848.37	2.264
848.42	2.261
848.47	2.271
848.52	2.271
848.57	2.267
848.62	2.275
848.67	2.272
848.72	2.282
848.77	2.299
848.82	2.332
848.87	2.367
848.92	2.411
848.97	2.448
849.02	2.468
849.07	2.472
849.12	2.463
849.17	2.442
849.22	2.412
849.27	2.372
849.32	2.328
849.37	2.27
849.42	2.216
849.47	2.183
849.52	2.176
849.57	2.2
849.62	2.231
849.67	2.262
849.72	2.275
849.77	2.272
849.82	2.264
849.87	2.254
849.92	2.253
849.97	2.245
850.02	2.238
850.07	2.225
850.12	2.216
850.17	2.215
850.22	2.211
850.27	2.222
850.32	2.234
850.37	2.257
850.42	2.286
850.47	2.304
850.52	2.311
850.57	2.303
850.62	2.288
850.67	2.284
850.72	2.285
850.77	2.304
850.82	2.32
850.87	2.333
850.92	2.329
850.97	2.313
851.02	2.298
851.07	2.282
851.12	2.279
851.17	2.281
851.22	2.287
851.27	2.293
851.32	2.307
851.37	2.314
851.42	2.316
851.47	2.318
851.52	2.315
851.57	2.312
851.62	2.309
851.67	2.3
851.72	2.294
851.77	2.286
851.82	2.282
851.87	2.278
851.92	2.266
851.97	2.25
852.02	2.231
852.07	2.223
852.12	2.223
852.17	2.234
852.22	2.251
852.27	2.265
852.32	2.269
852.37	2.269
852.42	2.262
852.47	2.255
852.52	2.253
852.57	2.259
852.62	2.266
852.67	2.271
852.72	2.271
852.77	2.273
852.82	2.269
852.87	2.267
852.92	2.267
852.97	2.269
853.02	2.277
853.07	2.289
853.12	2.303
853.17	2.312
853.22	2.31
853.27	2.303
853.32	2.292
853.37	2.288
853.42	2.299
853.47	2.319
853.52	2.333
853.57	2.342
853.62	2.332
853.67	2.319
853.72	2.303
853.77	2.295
853.82	2.292
853.87	2.296
853.92	2.299
853.97	2.298
854.02	2.292
854.07	2.29
854.12	2.293
854.17	2.297
854.22	2.292
854.27	2.288
854.32	2.28
854.37	2.279
854.42	2.275
854.47	2.269
854.52	2.259
854.57	2.251
854.62	2.25
854.67	2.258
854.72	2.271
854.77	2.275
854.82	2.271
854.87	2.252
854.92	2.228
854.97	2.2
855.02	2.184
855.07	2.172
855.12	2.166
855.17	2.163
855.22	2.164
855.27	2.172
855.32	2.187
855.37	2.203
855.42	2.218
855.47	2.231
855.52	2.239
855.57	2.249
855.62	2.253
855.67	2.26
855.72	2.26
855.77	2.259
855.82	2.254
855.87	2.255
855.92	2.263
855.97	2.271
856.02	2.279
856.07	2.285
856.12	2.282
856.17	2.276
856.22	2.272
856.27	2.273
856.32	2.281
856.37	2.29
856.42	2.297
856.47	2.309
856.52	2.319
856.57	2.34
856.62	2.354
856.67	2.359
856.72	2.347
856.77	2.326
856.82	2.303
856.87	2.29
856.92	2.279
856.97	2.27
857.02	2.261
857.07	2.266
857.12	2.277
857.17	2.296
857.22	2.314
857.27	2.322
857.32	2.334
857.37	2.352
857.42	2.378
857.47	2.422
857.52	2.461
857.57	2.484
857.62	2.475
857.67	2.438
857.72	2.402
857.77	2.364
857.82	2.333
857.87	2.311
857.92	2.281
857.97	2.24
858.02	2.2
858.07	2.187
858.12	2.17
858.17	2.145
858.22	2.151
858.27	2.158
858.32	2.162
858.37	2.158
858.42	2.155
858.47	2.154
858.52	2.162
858.57	2.209
858.62	2.262
858.67	2.309
858.72	2.349
858.77	2.359
858.82	2.334
858.87	2.3
858.92	2.268
858.97	2.243
859.02	2.226
859.07	2.215
859.12	2.202
859.17	2.196
859.22	2.193
859.27	2.2
859.32	2.214
859.37	2.229
859.42	2.242
859.47	2.253
859.52	2.264
859.57	2.279
859.62	2.286
859.67	2.284
859.72	2.279
859.77	2.27
859.82	2.277
859.87	2.275
859.92	2.279
859.97	2.291
860.02	2.296
860.07	2.285
860.12	2.276
860.17	2.258
860.22	2.25
860.27	2.239
860.32	2.232
860.37	2.232
860.42	2.221
860.47	2.226
860.52	2.238
860.57	2.235
860.62	2.231
860.67	2.221
860.72	2.209
860.77	2.214
860.82	2.202
860.87	2.184
860.92	2.179
860.97	2.179
861.02	2.179
861.07	2.175
861.12	2.168
861.17	2.161
861.22	2.148
861.27	2.132
861.32	2.133
861.37	2.147
861.42	2.159
861.47	2.168
861.52	2.174
861.57	2.17
861.62	2.18
861.67	2.217
861.72	2.24
861.77	2.256
861.82	2.266
861.87	2.275
861.92	2.271
861.97	2.278
862.02	2.277
862.07	2.277
862.12	2.277
862.17	2.289
862.22	2.306
862.27	2.316
862.32	2.32
862.37	2.328
862.42	2.322
862.47	2.311
862.52	2.308
862.57	2.307
862.62	2.313
862.67	2.313
862.72	2.307
862.77	2.302
862.82	2.302
862.87	2.31
862.92	2.308
862.97	2.305
863.02	2.296
863.07	2.29
863.12	2.29
863.17	2.287
863.22	2.287
863.27	2.281
863.32	2.274
863.37	2.268
863.42	2.263
863.47	2.264
863.52	2.27
863.57	2.273
863.62	2.283
863.67	2.296
863.72	2.312
863.77	2.321
863.82	2.328
863.87	2.33
863.92	2.329
863.97	2.33
864.02	2.333
864.07	2.336
864.12	2.35
864.17	2.354
864.22	2.358
864.27	2.363
864.32	2.353
864.37	2.352
864.42	2.351
864.47	2.355
864.52	2.359
864.57	2.367
864.62	2.368
864.67	2.378
864.72	2.37
864.77	2.361
864.82	2.36
864.87	2.365
864.92	2.372
864.97	2.38
865.02	2.384
865.07	2.366
865.12	2.363
865.17	2.375
865.22	2.369
865.27	2.361
865.32	2.351
865.37	2.345
865.42	2.34
865.47	2.336
865.52	2.333
865.57	2.335
865.62	2.34
865.67	2.34
865.72	2.341
865.77	2.342
865.82	2.343
865.87	2.339
865.92	2.341
865.97	2.333
866.02	2.33
866.07	2.327
866.12	2.323
866.17	2.318
866.22	2.317
866.27	2.315
866.32	2.328
866.37	2.351
866.42	2.389
866.47	2.419
866.52	2.442
866.57	2.444
866.62	2.431
866.67	2.414
866.72	2.394
866.77	2.369
866.82	2.333
866.87	2.326
866.92	2.312
866.97	2.298
867.02	2.296
867.07	2.297
867.12	2.309
867.17	2.329
867.22	2.34
867.27	2.357
867.32	2.361
867.37	2.35
867.42	2.329
867.47	2.323
867.52	2.301
867.57	2.284
867.62	2.266
867.67	2.254
867.72	2.245
867.77	2.24
867.82	2.236
867.87	2.237
867.92	2.229
867.97	2.213
868.02	2.201
868.07	2.192
868.12	2.193
868.17	2.203
868.22	2.215
868.27	2.227
868.32	2.231
868.37	2.24
868.42	2.258
868.47	2.276
868.52	2.297
868.57	2.315
868.62	2.327
868.67	2.338
868.72	2.349
868.77	2.357
868.82	2.358
868.87	2.344
868.92	2.311
868.97	2.293
869.02	2.28
869.07	2.277
869.12	2.275
869.17	2.286
869.22	2.285
869.27	2.303
869.32	2.295
869.37	2.28
869.42	2.272
869.47	2.274
869.52	2.281
869.57	2.286
869.62	2.289
869.67	2.285
869.72	2.285
869.77	2.285
869.82	2.285
869.87	2.284
869.92	2.281
869.97	2.279
870.02	2.287
870.07	2.301
870.12	2.307
870.17	2.302
870.22	2.29
870.27	2.28
870.32	2.271
870.37	2.261
870.42	2.251
870.47	2.235
870.52	2.224
870.57	2.218
870.62	2.218
870.67	2.229
870.72	2.244
870.77	2.269
870.82	2.285
870.87	2.292
870.92	2.283
870.97	2.265
871.02	2.245
871.07	2.237
871.12	2.247
871.17	2.272
871.22	2.305
871.27	2.338
871.32	2.349
871.37	2.363
871.42	2.36
871.47	2.358
871.52	2.343
871.57	2.335
871.62	2.341
871.67	2.358
871.72	2.372
871.77	2.381
871.82	2.382
871.87	2.383
871.92	2.38
871.97	2.379
872.02	2.373
872.07	2.361
872.12	2.344
872.17	2.328
872.22	2.318
872.27	2.314
872.32	2.317
872.37	2.319
872.42	2.319
872.47	2.318
872.52	2.316
872.57	2.319
872.62	2.326
872.67	2.334
872.72	2.332
872.77	2.322
872.82	2.306
872.87	2.3
872.92	2.293
872.97	2.29
873.02	2.284
873.07	2.281
873.12	2.273
873.17	2.273
873.22	2.279
873.27	2.284
873.32	2.286
873.37	2.279
873.42	2.267
873.47	2.25
873.52	2.237
873.57	2.227
873.62	2.226
873.67	2.23
873.72	2.231
873.77	2.225
873.82	2.213
873.87	2.201
873.92	2.192
873.97	2.192
874.02	2.193
874.07	2.198
874.12	2.2
874.17	2.199
874.22	2.2
874.27	2.201
874.32	2.2
874.37	2.204
874.42	2.201
874.47	2.193
874.52	2.181
874.57	2.177
874.62	2.174
874.67	2.17
874.72	2.167
874.77	2.171
874.82	2.176
874.87	2.187
874.92	2.188
874.97	2.187
875.02	2.184
875.07	2.181
875.12	2.173
875.17	2.172
875.22	2.172
875.27	2.175
875.32	2.178
875.37	2.177
875.42	2.177
875.47	2.183
875.52	2.196
875.57	2.215
875.62	2.234
875.67	2.231
875.72	2.235
875.77	2.234
875.82	2.252
875.87	2.255
875.92	2.259
875.97	2.264
876.02	2.272
876.07	2.288
876.12	2.293
876.17	2.3
876.22	2.307
876.27	2.314
876.32	2.324
876.37	2.335
876.42	2.339
876.47	2.34
876.52	2.341
876.57	2.345
876.62	2.346
876.67	2.346
876.72	2.345
876.77	2.343
876.82	2.343
876.87	2.336
876.92	2.325
876.97	2.316
877.02	2.303
877.07	2.293
877.12	2.292
877.17	2.289
877.22	2.287
877.27	2.286
877.32	2.278
877.37	2.272
877.42	2.262
877.47	2.259
877.52	2.259
877.57	2.263
877.62	2.261
877.67	2.251
877.72	2.239
877.77	2.236
877.82	2.232
877.87	2.228
877.92	2.215
877.97	2.197
878.02	2.177
878.07	2.163
878.12	2.159
878.17	2.149
878.22	2.137
878.27	2.119
878.32	2.112
878.37	2.113
878.42	2.118
878.47	2.123
878.52	2.132
878.57	2.135
878.62	2.145
878.67	2.16
878.72	2.178
878.77	2.203
878.82	2.222
878.87	2.218
878.92	2.223
878.97	2.211
879.02	2.191
879.07	2.168
879.12	2.17
879.17	2.152
879.22	2.151
879.27	2.162
879.32	2.178
879.37	2.192
879.42	2.201
879.47	2.202
879.52	2.207
879.57	2.218
879.62	2.23
879.67	2.242
879.72	2.249
879.77	2.257
879.82	2.27
879.87	2.284
879.92	2.301
879.97	2.307
880.02	2.308
880.07	2.308
880.12	2.305
880.17	2.313
880.22	2.319
880.27	2.328
880.32	2.328
880.37	2.33
880.42	2.335
880.47	2.34
880.52	2.345
880.57	2.351
880.62	2.349
880.67	2.347
880.72	2.342
880.77	2.336
880.82	2.328
880.87	2.326
880.92	2.327
880.97	2.332
881.02	2.335
881.07	2.338
881.12	2.345
881.17	2.351
881.22	2.357
881.27	2.357
881.32	2.353
881.37	2.349
881.42	2.343
881.47	2.334
881.52	2.325
881.57	2.31
881.62	2.299
881.67	2.29
881.72	2.289
881.77	2.288
881.82	2.289
881.87	2.282
881.92	2.276
881.97	2.264
882.02	2.249
882.07	2.237
882.12	2.224
882.17	2.211
882.22	2.206
882.27	2.204
882.32	2.204
882.37	2.201
882.42	2.193
882.47	2.189
882.52	2.189
882.57	2.198
882.62	2.212
882.67	2.223
882.72	2.223
882.77	2.216
882.82	2.192
882.87	2.162
882.92	2.131
882.97	2.108
883.02	2.108
883.07	2.113
883.12	2.129
883.17	2.139
883.22	2.152
883.27	2.163
883.32	2.182
883.37	2.196
883.42	2.201
883.47	2.201
883.52	2.2
883.57	2.191
883.62	2.185
883.67	2.181
883.72	2.179
883.77	2.177
883.82	2.174
883.87	2.17
883.92	2.165
883.97	2.165
884.02	2.16
884.07	2.159
884.12	2.155
884.17	2.161
884.22	2.169
884.27	2.177
884.32	2.185
884.37	2.192
884.42	2.198
884.47	2.205
884.52	2.217
884.57	2.227
884.62	2.238
884.67	2.241
884.72	2.244
884.77	2.241
884.82	2.235
884.87	2.234
884.92	2.237
884.97	2.245
885.02	2.25
885.07	2.242
885.12	2.229
885.17	2.209
885.22	2.192
885.27	2.19
885.32	2.191
885.37	2.192
885.42	2.188
885.47	2.187
885.52	2.185
885.57	2.189
885.62	2.194
885.67	2.201
885.72	2.209
885.77	2.22
885.82	2.229
885.87	2.229
885.92	2.229
885.97	2.222
886.02	2.213
886.07	2.205
886.12	2.197
886.17	2.199
886.22	2.209
886.27	2.218
886.32	2.223
886.37	2.224
886.42	2.219
886.47	2.22
886.52	2.214
886.57	2.204
886.62	2.189
886.67	2.172
886.72	2.156
886.77	2.156
886.82	2.165
886.87	2.177
886.92	2.182
886.97	2.177
887.02	2.168
887.07	2.156
887.12	2.149
887.17	2.143
887.22	2.144
887.27	2.145
887.32	2.144
887.37	2.146
887.42	2.155
887.47	2.165
887.52	2.18
887.57	2.189
887.62	2.197
887.67	2.197
887.72	2.199
887.77	2.195
887.82	2.195
887.87	2.195
887.92	2.19
887.97	2.186
888.02	2.182
888.07	2.182
888.12	2.185
888.17	2.19
888.22	2.198
888.27	2.2
888.32	2.202
888.37	2.205
888.42	2.206
888.47	2.204
888.52	2.199
888.57	2.192
888.62	2.183
888.67	2.185
888.72	2.186
888.77	2.187
888.82	2.195
888.87	2.198
888.92	2.197
888.97	2.195
889.02	2.194
889.07	2.194
889.12	2.203
889.17	2.21
889.22	2.213
889.27	2.214
889.32	2.215
889.37	2.217
889.42	2.221
889.47	2.226
889.52	2.233
889.57	2.237
889.62	2.241
889.67	2.239
889.72	2.235
889.77	2.227
889.82	2.216
889.87	2.211
889.92	2.212
889.97	2.223
890.02	2.246
890.07	2.268
890.12	2.29
890.17	2.316
890.22	2.338
890.27	2.353
890.32	2.342
890.37	2.334
890.42	2.322
890.47	2.31
890.52	2.306
890.57	2.307
890.62	2.303
890.67	2.283
890.72	2.265
890.77	2.249
890.82	2.258
890.87	2.258
890.92	2.24
890.97	2.239
891.02	2.231
891.07	2.227
891.12	2.23
891.17	2.243
891.22	2.242
891.27	2.234
891.32	2.229
891.37	2.236
891.42	2.242
891.47	2.249
891.52	2.242
891.57	2.231
891.62	2.214
891.67	2.193
891.72	2.18
891.77	2.172
891.82	2.181
891.87	2.192
891.92	2.201
891.97	2.201
892.02	2.189
892.07	2.171
892.12	2.156
892.17	2.148
892.22	2.146
892.27	2.147
892.32	2.147
892.37	2.146
892.42	2.16
892.47	2.179
892.52	2.208
892.57	2.233
892.62	2.255
892.67	2.264
892.72	2.276
892.77	2.288
892.82	2.306
892.87	2.324
892.92	2.33
892.97	2.319
893.02	2.292
893.07	2.258
893.12	2.228
893.17	2.191
893.22	2.148
893.27	2.112
893.32	2.086
893.37	2.082
893.42	2.089
893.47	2.101
893.52	2.116
893.57	2.137
893.62	2.17
893.67	2.201
893.72	2.226
893.77	2.254
893.82	2.281
893.87	2.323
893.92	2.367
893.97	2.398
894.02	2.407
894.07	2.397
894.12	2.389
894.17	2.384
894.22	2.395
894.27	2.406
894.32	2.434
894.37	2.465
894.42	2.482
894.47	2.463
894.52	2.437
894.57	2.404
894.62	2.368
894.67	2.344
894.72	2.33
894.77	2.321
894.82	2.314
894.87	2.305
894.92	2.306
894.97	2.292
895.02	2.277
895.07	2.266
895.12	2.26
895.17	2.264
895.22	2.261
895.27	2.27
895.32	2.278
895.37	2.27
895.42	2.273
895.47	2.254
895.52	2.245
895.57	2.215
895.62	2.199
895.67	2.202
895.72	2.22
895.77	2.247
895.82	2.25
895.87	2.251
895.92	2.227
895.97	2.213
896.02	2.173
896.07	2.142
896.12	2.124
896.17	2.121
896.22	2.14
896.27	2.169
896.32	2.208
896.37	2.222
896.42	2.252
896.47	2.278
896.52	2.299
896.57	2.317
896.62	2.327
896.67	2.342
896.72	2.363
896.77	2.378
896.82	2.388
896.87	2.389
896.92	2.375
896.97	2.359
897.02	2.355
897.07	2.35
897.12	2.332
897.17	2.304
897.22	2.279
897.27	2.265
897.32	2.269
897.37	2.263
897.42	2.276
897.47	2.285
897.52	2.304
897.57	2.334
897.62	2.358
897.67	2.38
897.72	2.391
897.77	2.384
897.82	2.374
897.87	2.368
897.92	2.364
897.97	2.362
898.02	2.351
898.07	2.327
898.12	2.311
898.17	2.292
898.22	2.283
898.27	2.27
898.32	2.267
898.37	2.273
898.42	2.282
898.47	2.29
898.52	2.289
898.57	2.277
898.62	2.266
898.67	2.26
898.72	2.262
898.77	2.25
898.82	2.264
898.87	2.26
898.92	2.259
898.97	2.247
899.02	2.26
899.07	2.266
899.12	2.272
899.17	2.278
899.22	2.278
899.27	2.278
899.32	2.289
899.37	2.282
899.42	2.277
899.47	2.277
899.52	2.279
899.57	2.281
899.62	2.282
899.67	2.278
899.72	2.274
899.77	2.268
899.82	2.279
899.87	2.305
899.92	2.334
899.97	2.354
900.02	2.357
900.07	2.342
900.12	2.315
900.17	2.288
900.22	2.26
900.27	2.245
900.32	2.225
900.37	2.226
900.42	2.23
900.47	2.225
900.52	2.222
900.57	2.211
900.62	2.197
900.67	2.196
900.72	2.176
900.77	2.155
900.82	2.142
900.87	2.14
900.92	2.145
900.97	2.166
901.02	2.189
901.07	2.22
901.12	2.248
901.17	2.269
901.22	2.274
901.27	2.271
901.32	2.245
901.37	2.204
901.42	2.179
901.47	2.148
901.52	2.128
901.57	2.116
901.62	2.101
901.67	2.09
901.72	2.082
901.77	2.094
901.82	2.121
901.87	2.152
901.92	2.177
901.97	2.189
902.02	2.192
902.07	2.201
902.12	2.202
902.17	2.229
902.22	2.246
902.27	2.249
902.32	2.244
902.37	2.247
902.42	2.266
902.47	2.285
902.52	2.305
902.57	2.326
902.62	2.338
902.67	2.356
902.72	2.384
902.77	2.4
902.82	2.373
902.87	2.353
902.92	2.302
902.97	2.258
903.02	2.229
903.07	2.215
903.12	2.207
903.17	2.206
903.22	2.207
903.27	2.206
903.32	2.202
903.37	2.192
903.42	2.168
903.47	2.138
903.52	2.11
903.57	2.086
903.62	2.071
903.67	2.069
903.72	2.073
903.77	2.085
903.82	2.103
903.87	2.122
903.92	2.139
903.97	2.156
904.02	2.173
904.07	2.184
904.12	2.198
904.17	2.198
904.22	2.207
904.27	2.224
904.32	2.237
904.37	2.251
904.42	2.256
904.47	2.261
904.52	2.27
904.57	2.277
904.62	2.293
904.67	2.3
904.72	2.301
904.77	2.293
904.82	2.283
904.87	2.276
904.92	2.281
904.97	2.276
905.02	2.279
905.07	2.273
905.12	2.258
905.17	2.266
905.22	2.262
905.27	2.258
905.32	2.26
905.37	2.255
905.42	2.249
905.47	2.244
905.52	2.237
905.57	2.234
905.62	2.231
905.67	2.226
905.72	2.218
905.77	2.207
905.82	2.171
905.87	2.156
905.92	2.129
905.97	2.096
906.02	2.086
906.07	2.072
906.12	2.081
906.17	2.101
906.22	2.136
906.27	2.171
906.32	2.197
906.37	2.216
906.42	2.218
906.47	2.221
906.52	2.224
906.57	2.233
906.62	2.247
906.67	2.262
906.72	2.271
906.77	2.264
906.82	2.26
906.87	2.25
906.92	2.251
906.97	2.263
907.02	2.272
907.07	2.277
907.12	2.269
907.17	2.252
907.22	2.242
907.27	2.235
907.32	2.238
907.37	2.251
907.42	2.264
907.47	2.27
907.52	2.264
907.57	2.255
907.62	2.244
907.67	2.232
907.72	2.222
907.77	2.216
907.82	2.215
907.87	2.205
907.92	2.209
907.97	2.207
908.02	2.197
908.07	2.187
908.12	2.18
908.17	2.175
908.22	2.172
908.27	2.174
908.32	2.181
908.37	2.188
908.42	2.198
908.47	2.208
908.52	2.219
908.57	2.227
908.62	2.223
908.67	2.206
908.72	2.217
908.77	2.221
908.82	2.23
908.87	2.247
908.92	2.269
908.97	2.289
909.02	2.309
909.07	2.32
909.12	2.322
909.17	2.315
909.22	2.299
909.27	2.275
909.32	2.248
909.37	2.225
909.42	2.21
909.47	2.194
909.52	2.179
909.57	2.166
909.62	2.161
909.67	2.168
909.72	2.177
909.77	2.189
909.82	2.195
909.87	2.194
909.92	2.183
909.97	2.177
910.02	2.168
910.07	2.159
910.12	2.16
910.17	2.169
910.22	2.185
910.27	2.194
910.32	2.2
910.37	2.195
910.42	2.184
910.47	2.171
910.52	2.167
910.57	2.176
910.62	2.194
910.67	2.206
910.72	2.217
910.77	2.227
910.82	2.237
910.87	2.248
910.92	2.258
910.97	2.263
911.02	2.262
911.07	2.262
911.12	2.26
911.17	2.256
911.22	2.245
911.27	2.237
911.32	2.226
911.37	2.213
911.42	2.201
911.47	2.186
911.52	2.171
911.57	2.158
911.62	2.144
911.67	2.126
911.72	2.115
911.77	2.103
911.82	2.102
911.87	2.115
911.92	2.136
911.97	2.163
912.02	2.194
912.07	2.219
912.12	2.238
912.17	2.234
912.22	2.243
912.27	2.243
912.32	2.235
912.37	2.227
912.42	2.218
912.47	2.207
912.52	2.201
912.57	2.196
912.62	2.195
912.67	2.186
912.72	2.179
912.77	2.167
912.82	2.162
912.87	2.176
912.92	2.195
912.97	2.213
913.02	2.219
913.07	2.21
913.12	2.18
913.17	2.157
913.22	2.119
913.27	2.073
913.32	2.038
913.37	2.005
913.42	1.988
913.47	1.974
913.52	1.976
913.57	1.983
913.62	2.003
913.67	2.026
913.72	2.056
913.77	2.096
913.82	2.135
913.87	2.177
913.92	2.205
913.97	2.22
914.02	2.217
914.07	2.208
914.12	2.2
914.17	2.2
914.22	2.198
914.27	2.204
914.32	2.205
914.37	2.223
914.42	2.244
914.47	2.272
914.52	2.291
914.57	2.294
914.62	2.286
914.67	2.281
914.72	2.284
914.77	2.303
914.82	2.322
914.87	2.345
914.92	2.353
914.97	2.359
915.02	2.372
915.07	2.39
915.12	2.402
915.17	2.386
915.22	2.359
915.27	2.335
915.32	2.306
915.37	2.3
915.42	2.307
915.47	2.318
915.52	2.323
915.57	2.321
915.62	2.315
915.67	2.317
915.72	2.313
915.77	2.309
915.82	2.294
915.87	2.286
915.92	2.278
915.97	2.27
916.02	2.257
916.07	2.252
916.12	2.253
916.17	2.247
916.22	2.256
916.27	2.248
916.32	2.236
916.37	2.242
916.42	2.25
916.47	2.26
916.52	2.286
916.57	2.301
916.62	2.296
916.67	2.296
916.72	2.285
916.77	2.285
916.82	2.295
916.87	2.313
916.92	2.328
916.97	2.335
917.02	2.331
917.07	2.323
917.12	2.317
917.17	2.317
917.22	2.33
917.27	2.346
917.32	2.357
917.37	2.355
917.42	2.342
917.47	2.337
917.52	2.343
917.57	2.359
917.62	2.374
917.67	2.373
917.72	2.363
917.77	2.348
917.82	2.339
917.87	2.338
917.92	2.337
917.97	2.329
918.02	2.32
918.07	2.319
918.12	2.338
918.17	2.367
918.22	2.391
918.27	2.401
918.32	2.393
918.37	2.375
918.42	2.36
918.47	2.341
918.52	2.32
918.57	2.294
918.62	2.274
918.67	2.258
918.72	2.261
918.77	2.272
918.82	2.295
918.87	2.307
918.92	2.34
918.97	2.367
919.02	2.391
919.07	2.404
919.12	2.407
919.17	2.398
919.22	2.371
919.27	2.348
919.32	2.306
919.37	2.259
919.42	2.223
919.47	2.196
919.52	2.192
919.57	2.203
919.62	2.221
919.67	2.249
919.72	2.247
919.77	2.257
919.82	2.249
919.87	2.228
919.92	2.235
919.97	2.229
920.02	2.228
920.07	2.236
920.12	2.251
920.17	2.271
920.22	2.28
920.27	2.288
920.32	2.297
920.37	2.304
920.42	2.303
920.47	2.295
920.52	2.282
920.57	2.263
920.62	2.247
920.67	2.237
920.72	2.232
920.77	2.234
920.82	2.24
920.87	2.247
920.92	2.252
920.97	2.25
921.02	2.246
921.07	2.238
921.12	2.222
921.17	2.2
921.22	2.168
921.27	2.131
921.32	2.095
921.37	2.069
921.42	2.052
921.47	2.047
921.52	2.049
921.57	2.062
921.62	2.078
921.67	2.09
921.72	2.106
921.77	2.13
921.82	2.158
921.87	2.177
921.92	2.203
921.97	2.208
922.02	2.196
922.07	2.167
922.12	2.152
922.17	2.123
922.22	2.097
922.27	2.076
922.32	2.07
922.37	2.08
922.42	2.086
922.47	2.092
922.52	2.1
922.57	2.11
922.62	2.133
922.67	2.161
922.72	2.186
922.77	2.212
922.82	2.228
922.87	2.243
922.92	2.237
922.97	2.25
923.02	2.237
923.07	2.216
923.12	2.188
923.17	2.167
923.22	2.146
923.27	2.13
923.32	2.123
923.37	2.124
923.42	2.13
923.47	2.14
923.52	2.156
923.57	2.18
923.62	2.202
923.67	2.214
923.72	2.2
923.77	2.173
923.82	2.132
923.87	2.096
923.92	2.072
923.97	2.059
924.02	2.066
924.07	2.094
924.12	2.18
924.17	2.202
924.22	2.213
924.27	2.212
924.32	2.207
924.37	2.203
924.42	2.194
924.47	2.184
924.52	2.168
924.57	2.148
924.62	2.126
924.67	2.101
924.72	2.087
924.77	2.074
924.82	2.069
924.87	2.062
924.92	2.054
924.97	2.057
925.02	2.062
925.07	2.076
925.12	2.094
925.17	2.107
925.22	2.118
925.27	2.123
925.32	2.133
925.37	2.137
925.42	2.137
925.47	2.13
925.52	2.116
925.57	2.106
925.62	2.098
925.67	2.101
925.72	2.116
925.77	2.129
925.82	2.147
925.87	2.166
925.92	2.188
925.97	2.207
926.02	2.249
926.07	2.284
926.12	2.288
926.17	2.265
926.22	2.229
926.27	2.173
926.32	2.117
926.37	2.068
926.42	2.028
926.47	2
926.52	1.99
926.57	1.991
926.62	2.001
926.67	2.009
926.72	2.014
926.77	2.019
926.82	2.016
926.87	2.018
926.92	2.021
926.97	2.035
927.02	2.052
927.07	2.081
927.12	2.113
927.17	2.15
927.22	2.189
927.27	2.226
927.32	2.237
927.37	2.257
927.42	2.263
927.47	2.269
927.52	2.284
927.57	2.275
927.62	2.267
927.67	2.266
927.72	2.273
927.77	2.284
927.82	2.301
927.87	2.307
927.92	2.312
927.97	2.318
928.02	2.321
928.07	2.325
928.12	2.316
928.17	2.314
928.22	2.319
928.27	2.336
928.32	2.333
928.37	2.341
928.42	2.341
928.47	2.322
928.52	2.293
928.57	2.284
928.62	2.262
928.67	2.255
928.72	2.258
928.77	2.266
928.82	2.261
928.87	2.279
928.92	2.3
928.97	2.325
929.02	2.336
929.07	2.34
929.12	2.332
929.17	2.329
929.22	2.321
929.27	2.306
929.32	2.272
929.37	2.244
929.42	2.202
929.47	2.162
929.52	2.138
929.57	2.13
929.62	2.138
929.67	2.148
929.72	2.156
929.77	2.167
929.82	2.177
929.87	2.201
929.92	2.211
929.97	2.249
930.02	2.297
930.07	2.345
930.12	2.394
930.17	2.419
930.22	2.408
930.27	2.371
930.32	2.327
930.37	2.284
930.42	2.264
930.47	2.273
930.52	2.27
930.57	2.275
930.62	2.281
930.67	2.291
930.72	2.3
930.77	2.304
930.82	2.298
930.87	2.279
930.92	2.278
930.97	2.28
931.02	2.278
931.07	2.273
931.12	2.268
931.17	2.256
931.22	2.248
931.27	2.245
931.32	2.255
931.37	2.274
931.42	2.292
931.47	2.307
931.52	2.312
931.57	2.312
931.62	2.304
931.67	2.29
931.72	2.283
931.77	2.277
931.82	2.288
931.87	2.295
931.92	2.287
931.97	2.275
932.02	2.272
932.07	2.261
932.12	2.254
932.17	2.249
932.22	2.251
932.27	2.253
932.32	2.26
932.37	2.28
932.42	2.299
932.47	2.309
932.52	2.303
932.57	2.292
932.62	2.277
932.67	2.275
932.72	2.287
932.77	2.304
932.82	2.322
932.87	2.338
932.92	2.344
932.97	2.34
933.02	2.318
933.07	2.287
933.12	2.26
933.17	2.238
933.22	2.224
933.27	2.217
933.32	2.219
933.37	2.231
933.42	2.248
933.47	2.268
933.52	2.283
933.57	2.287
933.62	2.305
933.67	2.326
933.72	2.335
933.77	2.327
933.82	2.308
933.87	2.282
933.92	2.265
933.97	2.263
934.02	2.265
934.07	2.263
934.12	2.252
934.17	2.238
934.22	2.223
934.27	2.219
934.32	2.226
934.37	2.232
934.42	2.242
934.47	2.239
934.52	2.243
934.57	2.251
934.62	2.275
934.67	2.302
934.72	2.326
934.77	2.328
934.82	2.3
934.87	2.25
934.92	2.205
934.97	2.17
935.02	2.161
935.07	2.163
935.12	2.174
935.17	2.176
935.22	2.177
935.27	2.176
935.32	2.177
935.37	2.189
935.42	2.204
935.47	2.209
935.52	2.204
935.57	2.189
935.62	2.174
935.67	2.167
935.72	2.182
935.77	2.217
935.82	2.251
935.87	2.278
935.92	2.29
935.97	2.282
936.02	2.298
936.07	2.296
936.12	2.306
936.17	2.322
936.22	2.338
936.27	2.348
936.32	2.345
936.37	2.339
936.42	2.328
936.47	2.32
936.52	2.316
936.57	2.318
936.62	2.324
936.67	2.331
936.72	2.335
936.77	2.332
936.82	2.318
936.87	2.299
936.92	2.282
936.97	2.271
937.02	2.264
937.07	2.264
937.12	2.26
937.17	2.254
937.22	2.238
937.27	2.212
937.32	2.189
937.37	2.162
937.42	2.139
937.47	2.119
937.52	2.105
937.57	2.099
937.62	2.102
937.67	2.112
937.72	2.134
937.77	2.163
937.82	2.191
937.87	2.217
937.92	2.221
937.97	2.248
938.02	2.27
938.07	2.293
938.12	2.306
938.17	2.316
938.22	2.325
938.27	2.345
938.32	2.365
938.37	2.395
938.42	2.415
938.47	2.439
938.52	2.458
938.57	2.481
938.62	2.497
938.67	2.508
938.72	2.516
938.77	2.515
938.82	2.496
938.87	2.469
938.92	2.44
938.97	2.417
939.02	2.401
939.07	2.389
939.12	2.374
939.17	2.366
939.22	2.357
939.27	2.354
939.32	2.355
939.37	2.352
939.42	2.355
939.47	2.353
939.52	2.354
939.57	2.347
939.62	2.344
939.67	2.336
939.72	2.325
939.77	2.315
939.82	2.302
939.87	2.289
939.92	2.281
939.97	2.269
940.02	2.253
940.07	2.244
940.12	2.237
940.17	2.239
940.22	2.238
940.27	2.226
940.32	2.206
940.37	2.187
940.42	2.17
940.47	2.162
940.52	2.155
940.57	2.146
940.62	2.142
940.67	2.148
940.72	2.153
940.77	2.164
940.82	2.17
940.87	2.173
940.92	2.167
940.97	2.158
941.02	2.139
941.07	2.118
941.12	2.096
941.17	2.084
941.22	2.083
941.27	2.092
941.32	2.114
941.37	2.13
941.42	2.146
941.47	2.154
941.52	2.155
941.57	2.153
941.62	2.141
941.67	2.133
941.72	2.128
941.77	2.13
941.82	2.131
941.87	2.134
941.92	2.137
941.97	2.141
942.02	2.142
942.07	2.141
942.12	2.14
942.17	2.138
942.22	2.149
942.27	2.157
942.32	2.16
942.37	2.158
942.42	2.15
942.47	2.144
942.52	2.134
942.57	2.129
942.62	2.118
942.67	2.102
942.72	2.075
942.77	2.053
942.82	2.035
942.87	2.027
942.92	2.034
942.97	2.052
943.02	2.072
943.07	2.089
943.12	2.099
943.17	2.097
943.22	2.094
943.27	2.099
943.32	2.116
943.37	2.148
943.42	2.184
943.47	2.222
943.52	2.254
943.57	2.276
943.62	2.297
943.67	2.328
943.72	2.326
943.77	2.31
943.82	2.265
943.87	2.222
943.92	2.167
943.97	2.119
944.02	2.083
944.07	2.057
944.12	2.045
944.17	2.041
944.22	2.04
944.27	2.044
944.32	2.049
944.37	2.067
944.42	2.101
944.47	2.125
944.52	2.168
944.57	2.199
944.62	2.219
944.67	2.242
944.72	2.265
944.77	2.293
944.82	2.297
944.87	2.29
944.92	2.261
944.97	2.24
945.02	2.192
945.07	2.15
945.12	2.119
945.17	2.103
945.22	2.101
945.27	2.108
945.32	2.115
945.37	2.121
945.42	2.126
945.47	2.134
945.52	2.147
945.57	2.161
945.62	2.179
945.67	2.196
945.72	2.212
945.77	2.221
945.82	2.234
945.87	2.243
945.92	2.248
945.97	2.258
946.02	2.27
946.07	2.271
946.12	2.293
946.17	2.309
946.22	2.319
946.27	2.31
946.32	2.285
946.37	2.26
946.42	2.219
946.47	2.18
946.52	2.159
946.57	2.15
946.62	2.149
946.67	2.15
946.72	2.143
946.77	2.127
946.82	2.097
946.87	2.061
946.92	2.029
946.97	2.015
947.02	2.011
947.07	2.015
947.12	2.023
947.17	2.031
947.22	2.043
947.27	2.077
947.32	2.121
947.37	2.173
947.42	2.201
947.47	2.234
947.52	2.251
947.57	2.255
947.62	2.269
947.67	2.279
947.72	2.295
947.77	2.308
947.82	2.313
947.87	2.308
947.92	2.292
947.97	2.278
948.02	2.29
948.07	2.282
948.12	2.296
948.17	2.311
948.22	2.339
948.27	2.351
948.32	2.374
948.37	2.399
948.42	2.418
948.47	2.419
948.52	2.419
948.57	2.423
948.62	2.419
948.67	2.427
948.72	2.415
948.77	2.385
948.82	2.368
948.87	2.343
948.92	2.327
948.97	2.306
949.02	2.287
949.07	2.264
949.12	2.246
949.17	2.236
949.22	2.23
949.27	2.229
949.32	2.234
949.37	2.234
949.42	2.224
949.47	2.227
949.52	2.256
949.57	2.277
949.62	2.308
949.67	2.342
949.72	2.365
949.77	2.398
949.82	2.412
949.87	2.411
949.92	2.399
949.97	2.381
950.02	2.365
950.07	2.341
950.12	2.319
950.17	2.313
950.22	2.328
950.27	2.359
950.32	2.387
950.37	2.391
950.42	2.372
950.47	2.363
950.52	2.353
950.57	2.354
950.62	2.35
950.67	2.36
950.72	2.37
950.77	2.363
950.82	2.37
950.87	2.361
950.92	2.352
950.97	2.342
951.02	2.321
951.07	2.303
951.12	2.282
951.17	2.271
951.22	2.26
951.27	2.249
951.32	2.231
951.37	2.221
951.42	2.222
951.47	2.234
951.52	2.251
951.57	2.269
951.62	2.281
951.67	2.301
951.72	2.325
951.77	2.357
951.82	2.371
951.87	2.385
951.92	2.39
951.97	2.379
952.02	2.369
952.07	2.355
952.12	2.35
952.17	2.34
952.22	2.361
952.27	2.366
952.32	2.37
952.37	2.373
952.42	2.367
952.47	2.359
952.52	2.349
952.57	2.349
952.62	2.353
952.67	2.362
952.72	2.372
952.77	2.376
952.82	2.373
952.87	2.355
952.92	2.348
952.97	2.331
953.02	2.304
953.07	2.297
953.12	2.291
953.17	2.301
953.22	2.325
953.27	2.344
953.32	2.351
953.37	2.346
953.42	2.335
953.47	2.318
953.52	2.311
953.57	2.308
953.62	2.31
953.67	2.316
953.72	2.318
953.77	2.32
953.82	2.331
953.87	2.34
953.92	2.354
953.97	2.368
954.02	2.376
954.07	2.383
954.12	2.377
954.17	2.371
954.22	2.37
954.27	2.37
954.32	2.371
954.37	2.363
954.42	2.337
954.47	2.311
954.52	2.287
954.57	2.279
954.62	2.271
954.67	2.265
954.72	2.253
954.77	2.25
954.82	2.252
954.87	2.257
954.92	2.261
954.97	2.263
955.02	2.264
955.07	2.275
955.12	2.291
955.17	2.31
955.22	2.324
955.27	2.325
955.32	2.319
955.37	2.313
955.42	2.312
955.47	2.314
955.52	2.314
955.57	2.302
955.62	2.303
955.67	2.302
955.72	2.297
955.77	2.298
955.82	2.281
955.87	2.259
955.92	2.245
955.97	2.237
956.02	2.238
956.07	2.254
956.12	2.277
956.17	2.297
956.22	2.312
956.27	2.32
956.32	2.328
956.37	2.343
956.42	2.358
956.47	2.377
956.52	2.389
956.57	2.39
956.62	2.369
956.67	2.361
956.72	2.349
956.77	2.335
956.82	2.311
956.87	2.289
956.92	2.289
956.97	2.282
957.02	2.275
957.07	2.267
957.12	2.258
957.17	2.236
957.22	2.213
957.27	2.184
957.32	2.157
957.37	2.133
957.42	2.129
957.47	2.127
957.52	2.132
957.57	2.128
957.62	2.128
957.67	2.127
957.72	2.139
957.77	2.148
957.82	2.15
957.87	2.144
957.92	2.131
957.97	2.115
958.02	2.088
958.07	2.059
958.12	2.03
958.17	2.019
958.22	2.024
958.27	2.041
958.32	2.069
958.37	2.095
958.42	2.116
958.47	2.138
958.52	2.158
958.57	2.174
958.62	2.185
958.67	2.196
958.72	2.205
958.77	2.219
958.82	2.24
958.87	2.263
958.92	2.268
958.97	2.281
959.02	2.289
959.07	2.292
959.12	2.289
959.17	2.295
959.22	2.281
959.27	2.243
959.32	2.212
959.37	2.163
959.42	2.127
959.47	2.11
959.52	2.115
959.57	2.142
959.62	2.179
959.67	2.222
959.72	2.246
959.77	2.275
959.82	2.291
959.87	2.296
959.92	2.307
959.97	2.298
960.02	2.294
960.07	2.288
960.12	2.29
960.17	2.294
960.22	2.295
960.27	2.302
960.32	2.299
960.37	2.295
960.42	2.284
960.47	2.273
960.52	2.263
960.57	2.242
960.62	2.25
960.67	2.248
960.72	2.246
960.77	2.253
960.82	2.267
960.87	2.29
960.92	2.312
960.97	2.328
961.02	2.335
961.07	2.33
961.12	2.322
961.17	2.329
961.22	2.339
961.27	2.361
961.32	2.381
961.37	2.398
961.42	2.409
961.47	2.41
961.52	2.408
961.57	2.404
961.62	2.401
961.67	2.399
961.72	2.396
961.77	2.388
961.82	2.381
961.87	2.381
961.92	2.382
961.97	2.389
962.02	2.388
962.07	2.378
962.12	2.363
962.17	2.353
962.22	2.353
962.27	2.359
962.32	2.368
962.37	2.37
962.42	2.357
962.47	2.353
962.52	2.337
962.57	2.337
962.62	2.321
962.67	2.313
962.72	2.318
962.77	2.332
962.82	2.344
962.87	2.357
962.92	2.368
962.97	2.378
963.02	2.389
963.07	2.391
963.12	2.384
963.17	2.374
963.22	2.363
963.27	2.357
963.32	2.348
963.37	2.339
963.42	2.324
963.47	2.308
963.52	2.297
963.57	2.281
963.62	2.272
963.67	2.27
963.72	2.274
963.77	2.283
963.82	2.266
963.87	2.275
963.92	2.26
963.97	2.244
964.02	2.224
964.07	2.21
964.12	2.204
964.17	2.208
964.22	2.22
964.27	2.232
964.32	2.238
964.37	2.233
964.42	2.229
964.47	2.228
964.52	2.227
964.57	2.229
964.62	2.233
964.67	2.228
964.72	2.245
964.77	2.259
964.82	2.268
964.87	2.273
964.92	2.287
964.97	2.317
965.02	2.327
965.07	2.335
965.12	2.332
965.17	2.332
965.22	2.332
965.27	2.338
965.32	2.345
965.37	2.35
965.42	2.351
965.47	2.345
965.52	2.333
965.57	2.312
965.62	2.289
965.67	2.265
965.72	2.248
965.77	2.243
965.82	2.249
965.87	2.257
965.92	2.257
965.97	2.257
966.02	2.257
966.07	2.264
966.12	2.274
966.17	2.263
966.22	2.264
966.27	2.252
966.32	2.229
966.37	2.222
966.42	2.206
966.47	2.192
966.52	2.189
966.57	2.191
966.62	2.2
966.67	2.213
966.72	2.227
966.77	2.243
966.82	2.257
966.87	2.268
966.92	2.269
966.97	2.274
967.02	2.277
967.07	2.28
967.12	2.283
967.17	2.283
967.22	2.292
967.27	2.314
967.32	2.343
967.37	2.379
967.42	2.411
967.47	2.421
967.52	2.415
967.57	2.385
967.62	2.349
967.67	2.31
967.72	2.276
967.77	2.254
967.82	2.235
967.87	2.221
967.92	2.206
967.97	2.201
968.02	2.213
968.07	2.234
968.12	2.259
968.17	2.271
968.22	2.27
968.27	2.264
968.32	2.256
968.37	2.256
968.42	2.255
968.47	2.258
968.52	2.261
968.57	2.262
968.62	2.266
968.67	2.273
968.72	2.28
968.77	2.288
968.82	2.301
968.87	2.316
968.92	2.326
968.97	2.326
969.02	2.315
969.07	2.304
969.12	2.291
969.17	2.291
969.22	2.296
969.27	2.306
969.32	2.307
969.37	2.293
969.42	2.269
969.47	2.242
969.52	2.22
969.57	2.209
969.62	2.207
969.67	2.205
969.72	2.205
969.77	2.215
969.82	2.221
969.87	2.234
969.92	2.244
969.97	2.254
970.02	2.253
970.07	2.269
970.12	2.286
970.17	2.304
970.22	2.32
970.27	2.335
970.32	2.346
970.37	2.347
970.42	2.334
970.47	2.319
970.52	2.297
970.57	2.275
970.62	2.252
970.67	2.251
970.72	2.24
970.77	2.241
970.82	2.256
970.87	2.276
970.92	2.284
970.97	2.308
971.02	2.325
971.07	2.345
971.12	2.356
971.17	2.352
971.22	2.351
971.27	2.327
971.32	2.305
971.37	2.296
971.42	2.297
971.47	2.28
971.52	2.277
971.57	2.285
971.62	2.281
971.67	2.276
971.72	2.274
971.77	2.275
971.82	2.28
971.87	2.276
971.92	2.294
971.97	2.307
972.02	2.304
972.07	2.279
972.12	2.267
972.17	2.247
972.22	2.238
972.27	2.237
972.32	2.245
972.37	2.26
972.42	2.281
972.47	2.296
972.52	2.317
972.57	2.346
972.62	2.347
972.67	2.343
972.72	2.335
972.77	2.33
972.82	2.33
972.87	2.338
972.92	2.348
972.97	2.353
973.02	2.349
973.07	2.341
973.12	2.334
973.17	2.332
973.22	2.339
973.27	2.348
973.32	2.342
973.37	2.348
973.42	2.347
973.47	2.351
973.52	2.341
973.57	2.334
973.62	2.327
973.67	2.326
973.72	2.33
973.77	2.335
973.82	2.341
973.87	2.342
973.92	2.343
973.97	2.339
974.02	2.341
974.07	2.346
974.12	2.354
974.17	2.357
974.22	2.353
974.27	2.348
974.32	2.337
974.37	2.325
974.42	2.311
974.47	2.308
974.52	2.307
974.57	2.316
974.62	2.323
974.67	2.329
974.72	2.339
974.77	2.347
974.82	2.362
974.87	2.379
974.92	2.393
974.97	2.397
975.02	2.399
975.07	2.396
975.12	2.395
975.17	2.39
975.22	2.38
975.27	2.368
975.32	2.355
975.37	2.347
975.42	2.342
975.47	2.345
975.52	2.36
975.57	2.355
975.62	2.371
975.67	2.371
975.72	2.367
975.77	2.356
975.82	2.345
975.87	2.33
975.92	2.325
975.97	2.342
976.02	2.337
976.07	2.341
976.12	2.333
976.17	2.319
976.22	2.3
976.27	2.28
976.32	2.261
976.37	2.255
976.42	2.236
976.47	2.221
976.52	2.217
976.57	2.227
976.62	2.236
976.67	2.244
976.72	2.248
976.77	2.248
976.82	2.252
976.87	2.254
976.92	2.256
976.97	2.261
977.02	2.271
977.07	2.295
977.12	2.329
977.17	2.361
977.22	2.375
977.27	2.356
977.32	2.317
977.37	2.27
977.42	2.229
977.47	2.208
977.52	2.191
977.57	2.187
977.62	2.188
977.67	2.186
977.72	2.18
977.77	2.17
977.82	2.15
977.87	2.129
977.92	2.1
977.97	2.071
978.02	2.052
978.07	2.046
978.12	2.047
978.17	2.049
978.22	2.054
978.27	2.068
978.32	2.096
978.37	2.139
978.42	2.191
978.47	2.228
978.52	2.281
978.57	2.315
978.62	2.342
978.67	2.356
978.72	2.378
978.77	2.407
978.82	2.419
978.87	2.459
978.92	2.471
978.97	2.494
979.02	2.511
979.07	2.514
979.12	2.451
979.17	2.415
979.22	2.384
979.27	2.361
979.32	2.337
979.37	2.304
979.42	2.271
979.47	2.239
979.52	2.212
979.57	2.199
979.62	2.194
979.67	2.208
979.72	2.223
979.77	2.239
979.82	2.255
979.87	2.264
979.92	2.272
979.97	2.273
980.02	2.271
980.07	2.267
980.12	2.261
980.17	2.256
980.22	2.246
980.27	2.229
980.32	2.211
980.37	2.188
980.42	2.175
980.47	2.166
980.52	2.169
980.57	2.181
980.62	2.197
980.67	2.211
980.72	2.223
980.77	2.228
980.82	2.231
980.87	2.227
980.92	2.219
980.97	2.222
981.02	2.231
981.07	2.258
981.12	2.285
981.17	2.306
981.22	2.3
981.27	2.296
981.32	2.307
981.37	2.294
981.42	2.282
981.47	2.268
981.52	2.254
981.57	2.245
981.62	2.235
981.67	2.235
981.72	2.236
981.77	2.246
981.82	2.269
981.87	2.282
981.92	2.309
981.97	2.308
982.02	2.293
982.07	2.253
982.12	2.209
982.17	2.173
982.22	2.147
982.27	2.132
982.32	2.126
982.37	2.13
982.42	2.144
982.47	2.166
982.52	2.194
982.57	2.23
982.62	2.26
982.67	2.286
982.72	2.305
982.77	2.306
982.82	2.316
982.87	2.314
982.92	2.323
982.97	2.314
983.02	2.31
983.07	2.312
983.12	2.318
983.17	2.313
983.22	2.331
983.27	2.335
983.32	2.346
983.37	2.337
983.42	2.319
983.47	2.299
983.52	2.276
983.57	2.247
983.62	2.219
983.67	2.194
983.72	2.181
983.77	2.187
983.82	2.199
983.87	2.225
983.92	2.254
983.97	2.265
984.02	2.284
984.07	2.282
984.12	2.262
984.17	2.26
984.22	2.249
984.27	2.239
984.32	2.234
984.37	2.235
984.42	2.224
984.47	2.204
984.52	2.175
984.57	2.138
984.62	2.105
984.67	2.086
984.72	2.077
984.77	2.082
984.82	2.098
984.87	2.124
984.92	2.157
984.97	2.199
985.02	2.241
985.07	2.283
985.12	2.305
985.17	2.338
985.22	2.361
985.27	2.37
985.32	2.368
985.37	2.353
985.42	2.333
985.47	2.303
985.52	2.272
985.57	2.24
985.62	2.223
985.67	2.193
985.72	2.159
985.77	2.135
985.82	2.124
985.87	2.114
985.92	2.109
985.97	2.109
986.02	2.111
986.07	2.128
986.12	2.162
986.17	2.202
986.22	2.249
986.27	2.272
986.32	2.301
986.37	2.331
986.42	2.35
986.47	2.362
986.52	2.363
986.57	2.354
986.62	2.334
986.67	2.313
986.72	2.301
986.77	2.304
986.82	2.308
986.87	2.312
986.92	2.31
986.97	2.306
987.02	2.307
987.07	2.311
987.12	2.321
987.17	2.314
987.22	2.318
987.27	2.321
987.32	2.322
987.37	2.321
987.42	2.333
987.47	2.323
987.52	2.315
987.57	2.302
987.62	2.296
987.67	2.288
987.72	2.279
987.77	2.269
987.82	2.258
987.87	2.249
987.92	2.243
987.97	2.238
988.02	2.226
988.07	2.218
988.12	2.206
988.17	2.198
988.22	2.197
988.27	2.206
988.32	2.224
988.37	2.243
988.42	2.255
988.47	2.255
988.52	2.241
988.57	2.216
988.62	2.188
988.67	2.166
988.72	2.16
988.77	2.165
988.82	2.173
988.87	2.18
988.92	2.177
988.97	2.175
989.02	2.184
989.07	2.204
989.12	2.23
989.17	2.239
989.22	2.253
989.27	2.252
989.32	2.234
989.37	2.226
989.42	2.205
989.47	2.198
989.52	2.214
989.57	2.247
989.62	2.269
989.67	2.316
989.72	2.328
989.77	2.334
989.82	2.324
989.87	2.311
989.92	2.29
989.97	2.267
990.02	2.246
990.07	2.229
990.12	2.215
990.17	2.208
990.22	2.201
990.27	2.194
990.32	2.19
990.37	2.193
990.42	2.196
990.47	2.204
990.52	2.214
990.57	2.217
990.62	2.221
990.67	2.22
990.72	2.228
990.77	2.235
990.82	2.248
990.87	2.269
990.92	2.287
990.97	2.289
991.02	2.297
991.07	2.288
991.12	2.281
991.17	2.255
991.22	2.239
991.27	2.238
991.32	2.247
991.37	2.246
991.42	2.254
991.47	2.276
991.52	2.292
991.57	2.305
991.62	2.302
991.67	2.309
991.72	2.299
991.77	2.278
991.82	2.272
991.87	2.268
991.92	2.261
991.97	2.253
992.02	2.257
992.07	2.268
992.12	2.288
992.17	2.301
992.22	2.309
992.27	2.311
992.32	2.311
992.37	2.311
992.42	2.306
992.47	2.304
992.52	2.302
992.57	2.299
992.62	2.304
992.67	2.308
992.72	2.313
992.77	2.319
992.82	2.324
992.87	2.333
992.92	2.346
992.97	2.362
993.02	2.379
993.07	2.391
993.12	2.39
993.17	2.377
993.22	2.353
993.27	2.317
993.32	2.264
993.37	2.211
993.42	2.159
993.47	2.123
993.52	2.095
993.57	2.088
993.62	2.081
993.67	2.093
993.72	2.122
993.77	2.168
993.82	2.2
993.87	2.245
993.92	2.265
993.97	2.259
994.02	2.246
994.07	2.233
994.12	2.219
994.17	2.206
994.22	2.199
994.27	2.207
994.32	2.202
994.37	2.199
994.42	2.194
994.47	2.187
994.52	2.186
994.57	2.199
994.62	2.224
994.67	2.24
994.72	2.281
994.77	2.308
994.82	2.34
994.87	2.359
994.92	2.391
994.97	2.4
995.02	2.393
995.07	2.375
995.12	2.356
995.17	2.333
995.22	2.333
995.27	2.33
995.32	2.335
995.37	2.337
995.42	2.336
995.47	2.336
995.52	2.34
995.57	2.339
995.62	2.336
995.67	2.328
995.72	2.327
995.77	2.341
995.82	2.354
995.87	2.387
995.92	2.409
995.97	2.416
996.02	2.408
996.07	2.388
996.12	2.392
996.17	2.382
996.22	2.381
996.27	2.384
996.32	2.379
996.37	2.371
996.42	2.357
996.47	2.346
996.52	2.327
996.57	2.312
996.62	2.299
996.67	2.289
996.72	2.282
996.77	2.278
996.82	2.279
996.87	2.279
996.92	2.278
996.97	2.28
997.02	2.281
997.07	2.287
997.12	2.296
997.17	2.313
997.22	2.32
997.27	2.319
997.32	2.309
997.37	2.293
997.42	2.28
997.47	2.273
997.52	2.272
997.57	2.27
997.62	2.268
997.67	2.26
997.72	2.251
997.77	2.232
997.82	2.215
997.87	2.191
997.92	2.17
997.97	2.146
998.02	2.133
998.07	2.126
998.12	2.127
998.17	2.129
998.22	2.136
998.27	2.141
998.32	2.144
998.37	2.155
998.42	2.17
998.47	2.191
998.52	2.215
998.57	2.235
998.62	2.255
998.67	2.272
998.72	2.291
998.77	2.304
998.82	2.323
998.87	2.344
998.92	2.351
998.97	2.372
999.02	2.385
999.07	2.398
999.12	2.416
999.17	2.42
999.22	2.415
999.27	2.406
999.32	2.388
999.37	2.378
999.42	2.377
999.47	2.393
999.52	2.414
999.57	2.414
999.62	2.43
999.67	2.431
999.72	2.441
999.77	2.437
999.82	2.437
999.87	2.422
999.92	2.401
999.97	2.37
1000.02	2.33
1000.07	2.305
1000.12	2.265
1000.17	2.23
1000.22	2.209
1000.27	2.202
1000.32	2.201
1000.37	2.203
1000.42	2.206
1000.47	2.2
1000.52	2.189
1000.57	2.171
1000.62	2.146
1000.67	2.118
1000.72	2.088
1000.77	2.059
1000.82	2.034
1000.87	2.023
1000.92	2.021
1000.97	2.024
1001.02	2.027
1001.07	2.026
1001.12	2.027
1001.17	2.033
1001.22	2.038
1001.27	2.039
1001.32	2.04
1001.37	2.041
1001.42	2.044
1001.47	2.045
1001.52	2.043
1001.57	2.046
1001.62	2.053
1001.67	2.062
1001.72	2.072
1001.77	2.075
1001.82	2.072
1001.87	2.069
1001.92	2.064
1001.97	2.057
1002.02	2.046
1002.07	2.038
1002.12	2.035
1002.17	2.036
1002.22	2.037
1002.27	2.038
1002.32	2.046
1002.37	2.054
1002.42	2.057
1002.47	2.061
1002.52	2.063
1002.57	2.07
1002.62	2.079
1002.67	2.097
1002.72	2.115
1002.77	2.133
1002.82	2.146
1002.87	2.162
1002.92	2.185
1002.97	2.213
1003.02	2.246
1003.07	2.258
1003.12	2.289
1003.17	2.319
1003.22	2.346
1003.27	2.366
1003.32	2.373
1003.37	2.372
1003.42	2.373
1003.47	2.381
1003.52	2.379
1003.57	2.388
1003.62	2.382
1003.67	2.378
1003.72	2.378
1003.77	2.378
1003.82	2.374
1003.87	2.364
1003.92	2.352
1003.97	2.345
1004.02	2.345
1004.07	2.367
1004.12	2.377
1004.17	2.377
1004.22	2.371
1004.27	2.367
1004.32	2.363
1004.37	2.365
1004.42	2.371
1004.47	2.378
1004.52	2.382
1004.57	2.38
1004.62	2.375
1004.67	2.367
1004.72	2.369
1004.77	2.38
1004.82	2.392
1004.87	2.399
1004.92	2.405
1004.97	2.403
1005.02	2.396
1005.07	2.394
1005.12	2.39
1005.17	2.386
1005.22	2.381
1005.27	2.372
1005.32	2.366
1005.37	2.361
1005.42	2.363
1005.47	2.362
1005.52	2.364
1005.57	2.37
1005.62	2.369
1005.67	2.367
1005.72	2.359
1005.77	2.353
1005.82	2.339
1005.87	2.333
1005.92	2.332
1005.97	2.338
1006.02	2.343
1006.07	2.352
1006.12	2.359
1006.17	2.359
1006.22	2.349
1006.27	2.332
1006.32	2.323
1006.37	2.319
1006.42	2.319
1006.47	2.317
1006.52	2.305
1006.57	2.281
1006.62	2.258
1006.67	2.241
1006.72	2.238
1006.77	2.243
1006.82	2.259
1006.87	2.276
1006.92	2.293
1006.97	2.306
1007.02	2.319
1007.07	2.323
1007.12	2.33
1007.17	2.339
1007.22	2.346
1007.27	2.35
1007.32	2.349
1007.37	2.344
1007.42	2.333
1007.47	2.325
1007.52	2.325
1007.57	2.336
1007.62	2.348
1007.67	2.362
1007.72	2.373
1007.77	2.383
1007.82	2.382
1007.87	2.371
1007.92	2.355
1007.97	2.34
1008.02	2.325
1008.07	2.31
1008.12	2.301
1008.17	2.292
1008.22	2.283
1008.27	2.276
1008.32	2.266
1008.37	2.244
1008.42	2.222
1008.47	2.201
1008.52	2.176
1008.57	2.156
1008.62	2.139
1008.67	2.129
1008.72	2.131
1008.77	2.146
1008.82	2.179
1008.87	2.209
1008.92	2.229
1008.97	2.233
1009.02	2.225
1009.07	2.226
1009.12	2.228
1009.17	2.237
1009.22	2.241
1009.27	2.244
1009.32	2.239
1009.37	2.232
1009.42	2.215
1009.47	2.191
1009.52	2.169
1009.57	2.148
1009.62	2.137
1009.67	2.14
1009.72	2.153
1009.77	2.171
1009.82	2.199
1009.87	2.226
1009.92	2.251
1009.97	2.267
1010.02	2.275
1010.07	2.285
1010.12	2.286
1010.17	2.297
1010.22	2.302
1010.27	2.309
1010.32	2.306
1010.37	2.301
1010.42	2.292
1010.47	2.291
1010.52	2.295
1010.57	2.306
1010.62	2.317
1010.67	2.323
1010.72	2.327
1010.77	2.336
1010.82	2.351
1010.87	2.361
1010.92	2.366
1010.97	2.363
1011.02	2.349
1011.07	2.338
1011.12	2.332
1011.17	2.335
1011.22	2.341
1011.27	2.345
1011.32	2.345
1011.37	2.345
1011.42	2.348
1011.47	2.351
1011.52	2.358
1011.57	2.363
1011.62	2.362
1011.67	2.366
1011.72	2.369
1011.77	2.369
1011.82	2.367
1011.87	2.359
1011.92	2.351
1011.97	2.338
1012.02	2.326
1012.07	2.312
1012.12	2.304
1012.17	2.314
1012.22	2.324
1012.27	2.342
1012.32	2.354
1012.37	2.366
1012.42	2.37
1012.47	2.374
1012.52	2.377
1012.57	2.374
1012.62	2.376
1012.67	2.379
1012.72	2.386
1012.77	2.397
1012.82	2.408
1012.87	2.401
1012.92	2.419
1012.97	2.415
1013.02	2.406
1013.07	2.395
1013.12	2.379
1013.17	2.364
1013.22	2.353
1013.27	2.348
1013.32	2.354
1013.37	2.364
1013.42	2.381
1013.47	2.389
1013.52	2.4
1013.57	2.406
1013.62	2.411
1013.67	2.404
1013.72	2.393
1013.77	2.377
1013.82	2.36
1013.87	2.35
1013.92	2.352
1013.97	2.364
1014.02	2.377
1014.07	2.39
1014.12	2.399
1014.17	2.394
1014.22	2.384
1014.27	2.371
1014.32	2.357
1014.37	2.35
1014.42	2.348
1014.47	2.338
1014.52	2.331
1014.57	2.32
1014.62	2.305
1014.67	2.289
1014.72	2.275
1014.77	2.264
1014.82	2.263
1014.87	2.271
1014.92	2.275
1014.97	2.277
1015.02	2.269
1015.07	2.255
1015.12	2.239
1015.17	2.224
1015.22	2.214
1015.27	2.21
1015.32	2.209
1015.37	2.214
1015.42	2.22
1015.47	2.224
1015.52	2.224
1015.57	2.221
1015.62	2.211
1015.67	2.204
1015.72	2.201
1015.77	2.199
1015.82	2.193
1015.87	2.18
1015.92	2.163
1015.97	2.139
1016.02	2.127
1016.07	2.12
1016.12	2.121
1016.17	2.118
1016.22	2.112
1016.27	2.103
1016.32	2.095
1016.37	2.092
1016.42	2.096
1016.47	2.106
1016.52	2.12
1016.57	2.133
1016.62	2.135
1016.67	2.133
1016.72	2.123
1016.77	2.113
1016.82	2.1
1016.87	2.096
1016.92	2.091
1016.97	2.095
1017.02	2.103
1017.07	2.107
1017.12	2.101
1017.17	2.09
1017.22	2.083
1017.27	2.084
1017.32	2.099
1017.37	2.124
1017.42	2.142
1017.47	2.162
1017.52	2.189
1017.57	2.224
1017.62	2.236
1017.67	2.268
1017.72	2.273
1017.77	2.281
1017.82	2.276
1017.87	2.276
1017.92	2.293
1017.97	2.289
1018.02	2.282
1018.07	2.271
1018.12	2.264
1018.17	2.259
1018.22	2.241
1018.27	2.243
1018.32	2.25
1018.37	2.251
1018.42	2.274
1018.47	2.283
1018.52	2.289
1018.57	2.301
1018.62	2.309
1018.67	2.337
1018.72	2.366
1018.77	2.384
1018.82	2.385
1018.87	2.383
1018.92	2.382
1018.97	2.381
1019.02	2.375
1019.07	2.378
1019.12	2.379
1019.17	2.379
1019.22	2.376
1019.27	2.379
1019.32	2.385
1019.37	2.398
1019.42	2.412
1019.47	2.422
1019.52	2.421
1019.57	2.407
1019.62	2.39
1019.67	2.373
1019.72	2.352
1019.77	2.334
1019.82	2.327
1019.87	2.316
1019.92	2.299
1019.97	2.272
1020.02	2.242
1020.07	2.211
1020.12	2.197
1020.17	2.194
1020.22	2.205
1020.27	2.216
1020.32	2.228
1020.37	2.228
1020.42	2.231
1020.47	2.234
1020.52	2.246
1020.57	2.263
1020.62	2.291
1020.67	2.323
1020.72	2.332
1020.77	2.322
1020.82	2.285
1020.87	2.248
1020.92	2.21
1020.97	2.175
1021.02	2.143
1021.07	2.119
1021.12	2.096
1021.17	2.085
1021.22	2.077
1021.27	2.077
1021.32	2.091
1021.37	2.115
1021.42	2.149
1021.47	2.18
1021.52	2.202
1021.57	2.213
1021.62	2.215
1021.67	2.208
1021.72	2.197
1021.77	2.178
1021.82	2.151
1021.87	2.123
1021.92	2.102
1021.97	2.084
1022.02	2.081
1022.07	2.084
1022.12	2.088
1022.17	2.094
1022.22	2.104
1022.27	2.115
1022.32	2.123
1022.37	2.126
1022.42	2.125
1022.47	2.127
1022.52	2.126
1022.57	2.125
1022.62	2.114
1022.67	2.105
1022.72	2.096
1022.77	2.092
1022.82	2.096
1022.87	2.098
1022.92	2.104
1022.97	2.109
1023.02	2.113
1023.07	2.11
1023.12	2.101
1023.17	2.091
1023.22	2.076
1023.27	2.057
1023.32	2.041
1023.37	2.023
1023.42	2.014
1023.47	2.008
1023.52	2.002
1023.57	1.995
1023.62	1.988
1023.67	1.987
1023.72	1.988
1023.77	1.994
1023.82	2.016
1023.87	2.046
1023.92	2.071
1023.97	2.091
1024.02	2.104
1024.07	2.108
1024.12	2.109
1024.17	2.106
1024.22	2.108
1024.27	2.109
1024.32	2.115
1024.37	2.13
1024.42	2.149
1024.47	2.167
1024.52	2.183
1024.57	2.19
1024.62	2.199
1024.67	2.208
1024.72	2.209
1024.77	2.225
1024.82	2.243
1024.87	2.254
1024.92	2.259
1024.97	2.258
1025.02	2.253
1025.07	2.248
1025.12	2.246
1025.17	2.268
1025.22	2.272
1025.27	2.285
1025.32	2.308
1025.37	2.33
1025.42	2.346
1025.47	2.365
1025.52	2.368
1025.57	2.367
1025.62	2.357
1025.67	2.345
1025.72	2.337
1025.77	2.316
1025.82	2.311
1025.87	2.3
1025.92	2.316
1025.97	2.32
1026.02	2.338
1026.07	2.361
1026.12	2.388
1026.17	2.404
1026.22	2.411
1026.27	2.41
1026.32	2.402
1026.37	2.384
1026.42	2.381
1026.47	2.37
1026.52	2.358
1026.57	2.332
1026.62	2.306
1026.67	2.289
1026.72	2.266
1026.77	2.241
1026.82	2.216
1026.87	2.203
1026.92	2.171
1026.97	2.142
1027.02	2.123
1027.07	2.104
1027.12	2.083
1027.17	2.058
1027.22	2.037
1027.27	2.018
1027.32	2.003
1027.37	1.991
1027.42	1.981
1027.47	1.974
1027.52	1.972
1027.57	1.969
1027.62	1.98
1027.67	1.999
1027.72	2.028
1027.77	2.062
1027.82	2.1
1027.87	2.125
1027.92	2.159
1027.97	2.199
1028.02	2.236
1028.07	2.276
1028.12	2.293
1028.17	2.288
1028.22	2.264
1028.27	2.247
1028.32	2.22
1028.37	2.198
1028.42	2.181
1028.47	2.169
1028.52	2.169
1028.57	2.177
1028.62	2.186
1028.67	2.194
1028.72	2.198
1028.77	2.197
1028.82	2.188
1028.87	2.169
1028.92	2.148
1028.97	2.132
1029.02	2.124
1029.07	2.113
1029.12	2.105
1029.17	2.085
1029.22	2.067
1029.27	2.046
1029.32	2.03
1029.37	2.018
1029.42	2.013
1029.47	2.011
1029.52	2.018
1029.57	2.031
1029.62	2.046
1029.67	2.058
1029.72	2.063
1029.77	2.062
1029.82	2.054
1029.87	2.049
1029.92	2.051
1029.97	2.059
1030.02	2.064
1030.07	2.068
1030.12	2.077
1030.17	2.087
1030.22	2.095
1030.27	2.101
1030.32	2.11
1030.37	2.127
1030.42	2.149
1030.47	2.168
1030.52	2.186
1030.57	2.199
1030.62	2.204
1030.67	2.2
1030.72	2.179
1030.77	2.149
1030.82	2.122
1030.87	2.108
1030.92	2.109
1030.97	2.123
1031.02	2.151
1031.07	2.194
1031.12	2.236
1031.17	2.268
1031.22	2.307
1031.27	2.329
1031.32	2.341
1031.37	2.355
1031.42	2.37
1031.47	2.388
1031.52	2.407
1031.57	2.405
1031.62	2.406
1031.67	2.378
1031.72	2.352
1031.77	2.324
1031.82	2.308
1031.87	2.301
1031.92	2.305
1031.97	2.298
1032.02	2.307
1032.07	2.298
1032.12	2.279
1032.17	2.27
1032.22	2.247
1032.27	2.231
1032.32	2.224
1032.37	2.227
1032.42	2.235
1032.47	2.245
1032.52	2.252
1032.57	2.261
1032.62	2.276
1032.67	2.276
1032.72	2.286
1032.77	2.285
1032.82	2.27
1032.87	2.259
1032.92	2.225
1032.97	2.194
1033.02	2.166
1033.07	2.143
1033.12	2.128
1033.17	2.118
1033.22	2.108
1033.27	2.101
1033.32	2.096
1033.37	2.098
1033.42	2.112
1033.47	2.145
1033.52	2.184
1033.57	2.201
1033.62	2.228
1033.67	2.25
1033.72	2.275
1033.77	2.304
1033.82	2.34
1033.87	2.36
1033.92	2.364
1033.97	2.368
1034.02	2.352
1034.07	2.344
1034.12	2.348
1034.17	2.35
1034.22	2.347
1034.27	2.333
1034.32	2.316
1034.37	2.302
1034.42	2.302
1034.47	2.308
1034.52	2.29
1034.57	2.277
1034.62	2.264
1034.67	2.226
1034.72	2.189
1034.77	2.164
1034.82	2.153
1034.87	2.157
1034.92	2.171
1034.97	2.174
1035.02	2.167
1035.07	2.15
1035.12	2.131
1035.17	2.112
1035.22	2.098
1035.27	2.087
1035.32	2.076
1035.37	2.068
1035.42	2.065
1035.47	2.075
1035.52	2.101
1035.57	2.136
1035.62	2.177
1035.67	2.206
1035.72	2.231
1035.77	2.236
1035.82	2.258
1035.87	2.285
1035.92	2.303
1035.97	2.309
1036.02	2.293
1036.07	2.296
1036.12	2.294
1036.17	2.309
1036.22	2.324
1036.27	2.329
1036.32	2.332
1036.37	2.33
1036.42	2.327
1036.47	2.331
1036.52	2.336
1036.57	2.34
1036.62	2.335
1036.67	2.318
1036.72	2.298
1036.77	2.279
1036.82	2.273
1036.87	2.283
1036.92	2.302
1036.97	2.322
1037.02	2.343
1037.07	2.356
1037.12	2.369
1037.17	2.377
1037.22	2.386
1037.27	2.386
1037.32	2.378
1037.37	2.366
1037.42	2.353
1037.47	2.344
1037.52	2.344
1037.57	2.343
1037.62	2.343
1037.67	2.341
1037.72	2.335
1037.77	2.332
1037.82	2.336
1037.87	2.347
1037.92	2.366
1037.97	2.384
1038.02	2.402
1038.07	2.409
1038.12	2.407
1038.17	2.393
1038.22	2.372
1038.27	2.35
1038.32	2.312
1038.37	2.289
1038.42	2.279
1038.47	2.25
1038.52	2.226
1038.57	2.203
1038.62	2.185
1038.67	2.179
1038.72	2.18
1038.77	2.203
1038.82	2.229
1038.87	2.259
1038.92	2.285
1038.97	2.305
1039.02	2.33
1039.07	2.358
1039.12	2.379
1039.17	2.377
1039.22	2.382
1039.27	2.377
1039.32	2.36
1039.37	2.362
1039.42	2.357
1039.47	2.36
1039.52	2.37
1039.57	2.377
1039.62	2.365
1039.67	2.339
1039.72	2.303
1039.77	2.264
1039.82	2.226
1039.87	2.2
1039.92	2.19
1039.97	2.195
1040.02	2.215
1040.07	2.234
1040.12	2.276
1040.17	2.315
1040.22	2.335
1040.27	2.348
1040.32	2.349
1040.37	2.343
1040.42	2.323
1040.47	2.323
1040.52	2.311
1040.57	2.302
1040.62	2.301
1040.67	2.301
1040.72	2.31
1040.77	2.321
1040.82	2.338
1040.87	2.356
1040.92	2.37
1040.97	2.371
1041.02	2.365
1041.07	2.355
1041.12	2.353
1041.17	2.335
1041.22	2.344
1041.27	2.329
1041.32	2.311
1041.37	2.281
1041.42	2.246
1041.47	2.218
1041.52	2.206
1041.57	2.218
1041.62	2.25
1041.67	2.285
1041.72	2.285
1041.77	2.261
1041.82	2.231
1041.87	2.174
1041.92	2.128
1041.97	2.091
1042.02	2.074
1042.07	2.068
1042.12	2.069
1042.17	2.068
1042.22	2.068
1042.27	2.068
1042.32	2.074
1042.37	2.081
1042.42	2.091
1042.47	2.105
1042.52	2.124
1042.57	2.145
1042.62	2.173
1042.67	2.207
1042.72	2.219
1042.77	2.24
1042.82	2.244
1042.87	2.259
1042.92	2.253
1042.97	2.251
1043.02	2.258
1043.07	2.275
1043.12	2.269
1043.17	2.266
1043.22	2.26
1043.27	2.235
1043.32	2.215
1043.37	2.209
1043.42	2.215
1043.47	2.233
1043.52	2.254
1043.57	2.276
1043.62	2.289
1043.67	2.29
1043.72	2.288
1043.77	2.277
1043.82	2.267
1043.87	2.267
1043.92	2.268
1043.97	2.269
1044.02	2.268
1044.07	2.266
1044.12	2.264
1044.17	2.269
1044.22	2.277
1044.27	2.289
1044.32	2.289
1044.37	2.314
1044.42	2.331
1044.47	2.342
1044.52	2.356
1044.57	2.366
1044.62	2.372
1044.67	2.375
1044.72	2.386
1044.77	2.379
1044.82	2.37
1044.87	2.365
1044.92	2.365
1044.97	2.37
1045.02	2.375
1045.07	2.374
1045.12	2.376
1045.17	2.375
1045.22	2.374
1045.27	2.368
1045.32	2.353
1045.37	2.345
1045.42	2.337
1045.47	2.336
1045.52	2.338
1045.57	2.342
1045.62	2.34
1045.67	2.333
1045.72	2.319
1045.77	2.313
1045.82	2.312
1045.87	2.319
1045.92	2.321
1045.97	2.321
1046.02	2.31
1046.07	2.312
1046.12	2.308
1046.17	2.294
1046.22	2.277
1046.27	2.249
1046.32	2.248
1046.37	2.239
1046.42	2.241
1046.47	2.248
1046.52	2.252
1046.57	2.261
1046.62	2.264
1046.67	2.27
1046.72	2.259
1046.77	2.244
1046.82	2.215
1046.87	2.19
1046.92	2.173
1046.97	2.172
1047.02	2.191
1047.07	2.191
1047.12	2.208
1047.17	2.224
1047.22	2.231
1047.27	2.24
1047.32	2.253
1047.37	2.247
1047.42	2.238
1047.47	2.231
1047.52	2.221
1047.57	2.222
1047.62	2.234
1047.67	2.25
1047.72	2.266
1047.77	2.279
1047.82	2.285
1047.87	2.29
1047.92	2.3
1047.97	2.313
1048.02	2.324
1048.07	2.323
1048.12	2.328
1048.17	2.32
1048.22	2.316
1048.27	2.314
1048.32	2.311
1048.37	2.317
1048.42	2.322
1048.47	2.328
1048.52	2.309
1048.57	2.308
1048.62	2.283
1048.67	2.258
1048.72	2.242
1048.77	2.23
1048.82	2.229
1048.87	2.236
1048.92	2.25
1048.97	2.255
1049.02	2.275
1049.07	2.291
1049.12	2.297
1049.17	2.306
1049.22	2.313
1049.27	2.318
1049.32	2.341
1049.37	2.359
1049.42	2.378
1049.47	2.407
1049.52	2.451
1049.57	2.49
1049.62	2.512
1049.67	2.505
1049.72	2.497
1049.77	2.488
1049.82	2.473
1049.87	2.454
1049.92	2.43
1049.97	2.388
1050.02	2.352
1050.07	2.314
1050.12	2.305
1050.17	2.288
1050.22	2.277
1050.27	2.267
1050.32	2.263
1050.37	2.264
1050.42	2.268
1050.47	2.279
1050.52	2.286
1050.57	2.296
1050.62	2.3
1050.67	2.306
1050.72	2.316
1050.77	2.329
1050.82	2.344
1050.87	2.335
1050.92	2.344
1050.97	2.328
1051.02	2.316
1051.07	2.319
1051.12	2.331
1051.17	2.341
1051.22	2.345
1051.27	2.338
1051.32	2.339
1051.37	2.35
1051.42	2.369
1051.47	2.387
1051.52	2.394
1051.57	2.392
1051.62	2.383
1051.67	2.374
1051.72	2.364
1051.77	2.353
1051.82	2.337
1051.87	2.321
1051.92	2.293
1051.97	2.269
1052.02	2.24
1052.07	2.21
1052.12	2.184
1052.17	2.165
1052.22	2.151
1052.27	2.14
1052.32	2.135
1052.37	2.133
1052.42	2.13
1052.47	2.134
1052.52	2.148
1052.57	2.163
1052.62	2.173
1052.67	2.169
1052.72	2.16
1052.77	2.14
1052.82	2.118
1052.87	2.096
1052.92	2.08
1052.97	2.072
1053.02	2.071
1053.07	2.076
1053.12	2.079
1053.17	2.085
1053.22	2.096
1053.27	2.108
1053.32	2.129
1053.37	2.151
1053.42	2.178
1053.47	2.217
1053.52	2.247
1053.57	2.278
1053.62	2.304
1053.67	2.306
1053.72	2.314
1053.77	2.309
1053.82	2.307
1053.87	2.288
1053.92	2.271
1053.97	2.26
1054.02	2.246
1054.07	2.236
1054.12	2.222
1054.17	2.208
1054.22	2.19
1054.27	2.177
1054.32	2.175
1054.37	2.178
1054.42	2.194
1054.47	2.223
1054.52	2.25
1054.57	2.266
1054.62	2.269
1054.67	2.258
1054.72	2.242
1054.77	2.223
1054.82	2.213
1054.87	2.208
1054.92	2.205
1054.97	2.201
1055.02	2.195
1055.07	2.198
1055.12	2.196
1055.17	2.198
1055.22	2.205
1055.27	2.22
1055.32	2.235
1055.37	2.244
1055.42	2.243
1055.47	2.238
1055.52	2.224
1055.57	2.221
1055.62	2.223
1055.67	2.229
1055.72	2.24
1055.77	2.249
1055.82	2.26
1055.87	2.276
1055.92	2.283
1055.97	2.317
1056.02	2.346
1056.07	2.358
1056.12	2.352
1056.17	2.34
1056.22	2.354
1056.27	2.368
1056.32	2.398
1056.37	2.434
1056.42	2.465
1056.47	2.459
1056.52	2.456
1056.57	2.438
1056.62	2.412
1056.67	2.382
1056.72	2.357
1056.77	2.317
1056.82	2.289
1056.87	2.271
1056.92	2.266
1056.97	2.275
1057.02	2.289
1057.07	2.314
1057.12	2.329
1057.17	2.34
1057.22	2.334
1057.27	2.312
1057.32	2.278
1057.37	2.233
1057.42	2.192
1057.47	2.15
1057.52	2.118
1057.57	2.088
1057.62	2.059
1057.67	2.039
1057.72	2.032
1057.77	2.047
1057.82	2.075
1057.87	2.12
1057.92	2.172
1057.97	2.207
1058.02	2.226
1058.07	2.223
1058.12	2.212
1058.17	2.203
1058.22	2.209
1058.27	2.232
1058.32	2.263
1058.37	2.298
1058.42	2.321
1058.47	2.336
1058.52	2.338
1058.57	2.336
1058.62	2.34
1058.67	2.351
1058.72	2.357
1058.77	2.361
1058.82	2.356
1058.87	2.35
1058.92	2.344
1058.97	2.341
1059.02	2.338
1059.07	2.335
1059.12	2.333
1059.17	2.321
1059.22	2.329
1059.27	2.335
1059.32	2.331
1059.37	2.32
1059.42	2.292
1059.47	2.299
1059.52	2.299
1059.57	2.301
1059.62	2.302
1059.67	2.302
1059.72	2.291
1059.77	2.274
1059.82	2.252
1059.87	2.229
1059.92	2.215
1059.97	2.208
1060.02	2.202
1060.07	2.2
1060.12	2.2
1060.17	2.198
1060.22	2.183
1060.27	2.192
1060.32	2.209
1060.37	2.224
1060.42	2.242
1060.47	2.257
1060.52	2.278
1060.57	2.292
1060.62	2.31
1060.67	2.318
1060.72	2.323
1060.77	2.32
1060.82	2.322
1060.87	2.328
1060.92	2.344
1060.97	2.357
1061.02	2.358
1061.07	2.351
1061.12	2.334
1061.17	2.331
1061.22	2.303
1061.27	2.272
1061.32	2.231
1061.37	2.191
1061.42	2.156
1061.47	2.134
1061.52	2.115
1061.57	2.103
1061.62	2.092
1061.67	2.09
1061.72	2.093
1061.77	2.105
1061.82	2.123
1061.87	2.143
1061.92	2.164
1061.97	2.188
1062.02	2.215
1062.07	2.23
1062.12	2.27
1062.17	2.309
1062.22	2.336
1062.27	2.357
1062.32	2.366
1062.37	2.37
1062.42	2.358
1062.47	2.355
1062.52	2.367
1062.57	2.358
1062.62	2.356
1062.67	2.344
1062.72	2.324
1062.77	2.284
1062.82	2.243
1062.87	2.21
1062.92	2.184
1062.97	2.174
1063.02	2.172
1063.07	2.174
1063.12	2.171
1063.17	2.153
1063.22	2.131
1063.27	2.116
1063.32	2.108
1063.37	2.123
1063.42	2.159
1063.47	2.207
1063.52	2.264
1063.57	2.308
1063.62	2.36
1063.67	2.391
1063.72	2.405
1063.77	2.405
1063.82	2.392
1063.87	2.374
1063.92	2.354
1063.97	2.352
1064.02	2.326
1064.07	2.318
1064.12	2.316
1064.17	2.311
1064.22	2.307
1064.27	2.299
1064.32	2.28
1064.37	2.271
1064.42	2.255
1064.47	2.249
1064.52	2.245
1064.57	2.253
1064.62	2.252
1064.67	2.244
1064.72	2.223
1064.77	2.194
1064.82	2.176
1064.87	2.178
1064.92	2.202
1064.97	2.227
1065.02	2.232
1065.07	2.228
1065.12	2.22
1065.17	2.219
1065.22	2.228
1065.27	2.249
1065.32	2.265
1065.37	2.278
1065.42	2.278
1065.47	2.306
1065.52	2.326
1065.57	2.35
1065.62	2.361
1065.67	2.381
1065.72	2.387
1065.77	2.379
1065.82	2.354
1065.87	2.326
1065.92	2.302
1065.97	2.293
1066.02	2.296
1066.07	2.307
1066.12	2.331
1066.17	2.329
1066.22	2.327
1066.27	2.328
1066.32	2.335
1066.37	2.333
1066.42	2.341
1066.47	2.345
1066.52	2.343
1066.57	2.342
1066.62	2.331
1066.67	2.324
1066.72	2.313
1066.77	2.299
1066.82	2.288
1066.87	2.293
1066.92	2.29
1066.97	2.296
1067.02	2.297
1067.07	2.303
1067.12	2.301
1067.17	2.301
1067.22	2.299
1067.27	2.291
1067.32	2.283
1067.37	2.278
1067.42	2.282
1067.47	2.295
1067.52	2.309
1067.57	2.32
1067.62	2.324
1067.67	2.321
1067.72	2.322
1067.77	2.32
1067.82	2.32
1067.87	2.322
1067.92	2.325
1067.97	2.328
1068.02	2.329
1068.07	2.335
1068.12	2.339
1068.17	2.343
1068.22	2.349
1068.27	2.355
1068.32	2.358
1068.37	2.365
1068.42	2.372
1068.47	2.38
1068.52	2.386
1068.57	2.378
1068.62	2.376
1068.67	2.369
1068.72	2.37
1068.77	2.36
1068.82	2.349
1068.87	2.347
1068.92	2.346
1068.97	2.342
1069.02	2.338
1069.07	2.338
1069.12	2.338
1069.17	2.333
1069.22	2.327
1069.27	2.329
1069.32	2.335
1069.37	2.348
1069.42	2.363
1069.47	2.375
1069.52	2.379
1069.57	2.37
1069.62	2.366
1069.67	2.366
1069.72	2.368
1069.77	2.372
1069.82	2.367
1069.87	2.356
1069.92	2.34
1069.97	2.328
1070.02	2.304
1070.07	2.297
1070.12	2.289
1070.17	2.279
1070.22	2.273
1070.27	2.27
1070.32	2.268
1070.37	2.26
1070.42	2.236
1070.47	2.229
1070.52	2.207
1070.57	2.2
1070.62	2.206
1070.67	2.229
1070.72	2.249
1070.77	2.268
1070.82	2.277
1070.87	2.28
1070.92	2.277
1070.97	2.274
1071.02	2.259
1071.07	2.246
1071.12	2.229
1071.17	2.217
1071.22	2.213
1071.27	2.221
1071.32	2.244
1071.37	2.267
1071.42	2.285
1071.47	2.294
1071.52	2.289
1071.57	2.274
1071.62	2.263
1071.67	2.25
1071.72	2.236
1071.77	2.222
1071.82	2.199
1071.87	2.179
1071.92	2.167
1071.97	2.173
1072.02	2.193
1072.07	2.22
1072.12	2.243
1072.17	2.254
1072.22	2.253
1072.27	2.239
1072.32	2.222
1072.37	2.208
1072.42	2.209
1072.47	2.225
1072.52	2.248
1072.57	2.277
1072.62	2.293
1072.67	2.303
1072.72	2.31
1072.77	2.315
1072.82	2.313
1072.87	2.299
1072.92	2.268
1072.97	2.228
1073.02	2.189
1073.07	2.161
1073.12	2.151
1073.17	2.152
1073.22	2.156
1073.27	2.152
1073.32	2.141
1073.37	2.126
1073.42	2.114
1073.47	2.116
1073.52	2.129
1073.57	2.15
1073.62	2.182
1073.67	2.219
1073.72	2.244
1073.77	2.271
1073.82	2.293
1073.87	2.301
1073.92	2.307
1073.97	2.314
1074.02	2.316
1074.07	2.316
1074.12	2.301
1074.17	2.305
1074.22	2.295
1074.27	2.28
1074.32	2.264
1074.37	2.25
1074.42	2.239
1074.47	2.235
1074.52	2.236
1074.57	2.245
1074.62	2.264
1074.67	2.298
1074.72	2.337
1074.77	2.378
1074.82	2.412
1074.87	2.447
1074.92	2.459
1074.97	2.457
1075.02	2.43
1075.07	2.381
1075.12	2.34
1075.17	2.289
1075.22	2.248
1075.27	2.216
1075.32	2.197
1075.37	2.19
1075.42	2.198
1075.47	2.222
1075.52	2.256
1075.57	2.283
1075.62	2.289
1075.67	2.305
1075.72	2.321
1075.77	2.331
1075.82	2.333
1075.87	2.342
1075.92	2.333
1075.97	2.329
1076.02	2.325
1076.07	2.325
1076.12	2.329
1076.17	2.328
1076.22	2.329
1076.27	2.325
1076.32	2.317
1076.37	2.31
1076.42	2.302
1076.47	2.294
1076.52	2.3
1076.57	2.318
1076.62	2.352
1076.67	2.392
1076.72	2.413
1076.77	2.402
1076.82	2.402
1076.87	2.373
1076.92	2.358
1076.97	2.352
1077.02	2.352
1077.07	2.333
1077.12	2.336
1077.17	2.316
1077.22	2.293
1077.27	2.272
1077.32	2.265
1077.37	2.266
1077.42	2.28
1077.47	2.298
1077.52	2.307
1077.57	2.302
1077.62	2.286
1077.67	2.265
1077.72	2.24
1077.77	2.22
1077.82	2.205
1077.87	2.191
1077.92	2.185
1077.97	2.184
1078.02	2.191
1078.07	2.207
1078.12	2.228
1078.17	2.259
1078.22	2.282
1078.27	2.332
1078.32	2.388
1078.37	2.434
1078.42	2.478
1078.47	2.511
1078.52	2.534
1078.57	2.522
1078.62	2.496
1078.67	2.45
1078.72	2.402
1078.77	2.383
1078.82	2.362
1078.87	2.354
1078.92	2.348
1078.97	2.349
1079.02	2.351
1079.07	2.352
1079.12	2.359
1079.17	2.365
1079.22	2.371
1079.27	2.376
1079.32	2.37
1079.37	2.357
1079.42	2.333
1079.47	2.307
1079.52	2.284
1079.57	2.264
1079.62	2.25
1079.67	2.232
1079.72	2.211
1079.77	2.195
1079.82	2.18
1079.87	2.168
1079.92	2.169
1079.97	2.177
1080.02	2.195
1080.07	2.208
1080.12	2.225
1080.17	2.234
1080.22	2.235
1080.27	2.232
1080.32	2.225
1080.37	2.221
1080.42	2.223
1080.47	2.226
1080.52	2.23
1080.57	2.225
1080.62	2.223
1080.67	2.217
1080.72	2.214
1080.77	2.213
1080.82	2.217
1080.87	2.229
1080.92	2.245
1080.97	2.246
1081.02	2.265
1081.07	2.28
1081.12	2.306
1081.17	2.344
1081.22	2.365
1081.27	2.381
1081.32	2.383
1081.37	2.387
1081.42	2.392
1081.47	2.398
1081.52	2.4
1081.57	2.406
1081.62	2.4
1081.67	2.391
1081.72	2.376
1081.77	2.358
1081.82	2.347
1081.87	2.337
1081.92	2.317
1081.97	2.313
1082.02	2.308
1082.07	2.298
1082.12	2.306
1082.17	2.301
1082.22	2.294
1082.27	2.298
1082.32	2.301
1082.37	2.311
1082.42	2.313
1082.47	2.319
1082.52	2.323
1082.57	2.336
1082.62	2.349
1082.67	2.363
1082.72	2.359
1082.77	2.368
1082.82	2.374
1082.87	2.378
1082.92	2.374
1082.97	2.363
1083.02	2.349
1083.07	2.354
1083.12	2.341
1083.17	2.347
1083.22	2.353
1083.27	2.352
1083.32	2.359
1083.37	2.344
1083.42	2.327
1083.47	2.317
1083.52	2.319
1083.57	2.325
1083.62	2.336
1083.67	2.34
1083.72	2.344
1083.77	2.338
1083.82	2.337
1083.87	2.34
1083.92	2.344
1083.97	2.344
1084.02	2.339
1084.07	2.324
1084.12	2.309
1084.17	2.298
1084.22	2.287
1084.27	2.279
1084.32	2.279
1084.37	2.279
1084.42	2.284
1084.47	2.289
1084.52	2.296
1084.57	2.296
1084.62	2.296
1084.67	2.299
1084.72	2.305
1084.77	2.318
1084.82	2.327
1084.87	2.323
1084.92	2.313
1084.97	2.295
1085.02	2.288
1085.07	2.291
1085.12	2.311
1085.17	2.32
1085.22	2.324
1085.27	2.313
1085.32	2.301
1085.37	2.293
1085.42	2.286
1085.47	2.288
1085.52	2.29
1085.57	2.3
1085.62	2.316
1085.67	2.337
1085.72	2.362
1085.77	2.385
1085.82	2.412
1085.87	2.439
1085.92	2.446
1085.97	2.462
1086.02	2.468
1086.07	2.456
1086.12	2.425
1086.17	2.4
1086.22	2.381
1086.27	2.374
1086.32	2.37
1086.37	2.362
1086.42	2.346
1086.47	2.323
1086.52	2.303
1086.57	2.287
1086.62	2.274
1086.67	2.264
1086.72	2.259
1086.77	2.258
1086.82	2.267
1086.87	2.275
1086.92	2.27
1086.97	2.272
1087.02	2.279
1087.07	2.285
1087.12	2.294
1087.17	2.291
1087.22	2.288
1087.27	2.277
1087.32	2.27
1087.37	2.252
1087.42	2.239
1087.47	2.22
1087.52	2.212
1087.57	2.21
1087.62	2.227
1087.67	2.248
1087.72	2.277
1087.77	2.303
1087.82	2.33
1087.87	2.346
1087.92	2.354
1087.97	2.359
1088.02	2.368
1088.07	2.378
1088.12	2.363
1088.17	2.351
1088.22	2.33
1088.27	2.325
1088.32	2.3
1088.37	2.291
1088.42	2.276
1088.47	2.264
1088.52	2.229
1088.57	2.195
1088.62	2.171
1088.67	2.164
1088.72	2.169
1088.77	2.174
1088.82	2.203
1088.87	2.24
1088.92	2.256
1088.97	2.263
1089.02	2.255
1089.07	2.25
1089.12	2.248
1089.17	2.241
1089.22	2.24
1089.27	2.261
1089.32	2.273
1089.37	2.289
1089.42	2.307
1089.47	2.321
1089.52	2.334
1089.57	2.346
1089.62	2.36
1089.67	2.375
1089.72	2.378
1089.77	2.369
1089.82	2.362
1089.87	2.356
1089.92	2.357
1089.97	2.367
1090.02	2.37
1090.07	2.373
1090.12	2.373
1090.17	2.368
1090.22	2.368
1090.27	2.364
1090.32	2.363
1090.37	2.363
1090.42	2.376
1090.47	2.39
1090.52	2.396
1090.57	2.374
1090.62	2.343
1090.67	2.309
1090.72	2.304
1090.77	2.29
1090.82	2.281
1090.87	2.273
1090.92	2.269
1090.97	2.266
1091.02	2.257
1091.07	2.25
1091.12	2.235
1091.17	2.22
1091.22	2.205
1091.27	2.209
1091.32	2.221
1091.37	2.232
1091.42	2.239
1091.47	2.245
1091.52	2.245
1091.57	2.245
1091.62	2.232
1091.67	2.203
1091.72	2.172
1091.77	2.152
1091.82	2.148
1091.87	2.156
1091.92	2.157
1091.97	2.15
1092.02	2.128
1092.07	2.106
1092.12	2.088
1092.17	2.077
1092.22	2.076
1092.27	2.085
1092.32	2.092
1092.37	2.099
1092.42	2.101
1092.47	2.103
1092.52	2.114
1092.57	2.131
1092.62	2.154
1092.67	2.169
1092.72	2.173
1092.77	2.176
1092.82	2.188
1092.87	2.208
1092.92	2.227
1092.97	2.238
1093.02	2.233
1093.07	2.223
1093.12	2.221
1093.17	2.228
1093.22	2.259
1093.27	2.294
1093.32	2.323
1093.37	2.34
1093.42	2.349
1093.47	2.352
1093.52	2.357
1093.57	2.356
1093.62	2.351
1093.67	2.347
1093.72	2.345
1093.77	2.341
1093.82	2.342
1093.87	2.332
1093.92	2.321
1093.97	2.312
1094.02	2.296
1094.07	2.282
1094.12	2.255
1094.17	2.214
1094.22	2.183
1094.27	2.161
1094.32	2.157
1094.37	2.164
1094.42	2.177
1094.47	2.171
1094.52	2.182
1094.57	2.198
1094.62	2.217
1094.67	2.232
1094.72	2.235
1094.77	2.232
1094.82	2.225
1094.87	2.219
1094.92	2.219
1094.97	2.22
1095.02	2.225
1095.07	2.229
1095.12	2.235
1095.17	2.242
1095.22	2.256
1095.27	2.274
1095.32	2.298
1095.37	2.313
1095.42	2.319
1095.47	2.323
1095.52	2.324
1095.57	2.307
1095.62	2.31
1095.67	2.314
1095.72	2.314
1095.77	2.318
1095.82	2.315
1095.87	2.309
1095.92	2.319
1095.97	2.314
1096.02	2.314
1096.07	2.298
1096.12	2.296
1096.17	2.298
1096.22	2.295
1096.27	2.303
1096.32	2.302
1096.37	2.285
1096.42	2.249
1096.47	2.235
1096.52	2.216
1096.57	2.218
1096.62	2.237
1096.67	2.26
1096.72	2.278
1096.77	2.296
1096.82	2.31
1096.87	2.328
1096.92	2.343
1096.97	2.347
1097.02	2.334
1097.07	2.314
1097.12	2.295
1097.17	2.278
1097.22	2.263
1097.27	2.245
1097.32	2.222
1097.37	2.188
1097.42	2.158
1097.47	2.134
1097.52	2.121
1097.57	2.117
1097.62	2.117
1097.67	2.128
1097.72	2.145
1097.77	2.171
1097.82	2.199
1097.87	2.215
1097.92	2.214
1097.97	2.177
1098.02	2.176
1098.07	2.186
1098.12	2.19
1098.17	2.187
1098.22	2.237
1098.27	2.264
1098.32	2.28
1098.37	2.28
1098.42	2.279
1098.47	2.278
1098.52	2.282
1098.57	2.296
1098.62	2.308
1098.67	2.321
1098.72	2.326
1098.77	2.326
1098.82	2.33
1098.87	2.337
1098.92	2.341
1098.97	2.342
1099.02	2.34
1099.07	2.337
1099.12	2.34
1099.17	2.323
1099.22	2.322
1099.27	2.327
1099.32	2.326
1099.37	2.323
1099.42	2.321
1099.47	2.317
1099.52	2.319
1099.57	2.317
1099.62	2.312
1099.67	2.303
1099.72	2.286
1099.77	2.268
1099.82	2.243
1099.87	2.262
1099.92	2.236
1099.97	2.185
1100.02	2.136
1100.07	2.111
1100.12	2.082
1100.17	2.055
1100.22	2.042
1100.27	2.03
1100.32	2.042
1100.37	2.075
1100.42	2.102
1100.47	2.122
1100.52	2.132
1100.57	2.145
1100.62	2.154
1100.67	2.165
1100.72	2.178
1100.77	2.2
1100.82	2.225
1100.87	2.25
1100.92	2.275
1100.97	2.279
1101.02	2.294
1101.07	2.298
1101.12	2.294
1101.17	2.281
1101.22	2.269
1101.27	2.269
1101.32	2.253
1101.37	2.24
1101.42	2.229
1101.47	2.231
1101.52	2.23
1101.57	2.235
1101.62	2.239
1101.67	2.254
1101.72	2.266
1101.77	2.272
1101.82	2.259
1101.87	2.255
1101.92	2.241
1101.97	2.24
1102.02	2.216
1102.07	2.196
1102.12	2.189
1102.17	2.197
1102.22	2.223
1102.27	2.252
1102.32	2.266
1102.37	2.274
1102.42	2.265
1102.47	2.25
1102.52	2.229
1102.57	2.208
1102.62	2.193
1102.67	2.182
1102.72	2.172
1102.77	2.163
1102.82	2.163
1102.87	2.167
1102.92	2.177
1102.97	2.189
1103.02	2.212
1103.07	2.23
1103.12	2.248
1103.17	2.269
1103.22	2.287
1103.27	2.286
1103.32	2.301
1103.37	2.307
1103.42	2.328
1103.47	2.329
1103.52	2.333
1103.57	2.341
1103.62	2.347
1103.67	2.35
1103.72	2.354
1103.77	2.356
1103.82	2.343
1103.87	2.327
1103.92	2.303
1103.97	2.288
1104.02	2.282
1104.07	2.286
1104.12	2.298
1104.17	2.312
1104.22	2.311
1104.27	2.315
1104.32	2.314
1104.37	2.305
1104.42	2.309
1104.47	2.304
1104.52	2.301
1104.57	2.289
1104.62	2.288
1104.67	2.275
1104.72	2.267
1104.77	2.242
1104.82	2.222
1104.87	2.204
1104.92	2.19
1104.97	2.181
1105.02	2.179
1105.07	2.183
1105.12	2.185
1105.17	2.188
1105.22	2.198
1105.27	2.219
1105.32	2.249
1105.37	2.276
1105.42	2.326
1105.47	2.369
1105.52	2.379
1105.57	2.375
1105.62	2.377
1105.67	2.367
1105.72	2.362
1105.77	2.352
1105.82	2.356
1105.87	2.351
1105.92	2.335
1105.97	2.346
1106.02	2.342
1106.07	2.34
1106.12	2.335
1106.17	2.327
1106.22	2.32
1106.27	2.316
1106.32	2.315
1106.37	2.316
1106.42	2.319
1106.47	2.32
1106.52	2.32
1106.57	2.317
1106.62	2.309
1106.67	2.308
1106.72	2.299
1106.77	2.299
1106.82	2.297
1106.87	2.318
1106.92	2.339
1106.97	2.34
1107.02	2.342
1107.07	2.323
1107.12	2.297
1107.17	2.278
1107.22	2.263
1107.27	2.253
1107.32	2.239
1107.37	2.211
1107.42	2.211
1107.47	2.193
1107.52	2.179
1107.57	2.178
1107.62	2.18
1107.67	2.187
1107.72	2.204
1107.77	2.233
1107.82	2.263
1107.87	2.289
1107.92	2.306
1107.97	2.306
1108.02	2.299
1108.07	2.298
1108.12	2.3
1108.17	2.31
1108.22	2.317
1108.27	2.31
1108.32	2.303
1108.37	2.299
1108.42	2.316
1108.47	2.334
1108.52	2.354
1108.57	2.363
1108.62	2.383
1108.67	2.405
1108.72	2.412
1108.77	2.412
1108.82	2.418
1108.87	2.401
1108.92	2.395
1108.97	2.392
1109.02	2.397
1109.07	2.398
1109.12	2.394
1109.17	2.375
1109.22	2.373
1109.27	2.384
1109.32	2.401
1109.37	2.421
1109.42	2.439
1109.47	2.444
1109.52	2.455
1109.57	2.452
1109.62	2.446
1109.67	2.417
1109.72	2.389
1109.77	2.364
1109.82	2.356
1109.87	2.339
1109.92	2.322
1109.97	2.31
1110.02	2.305
1110.07	2.308
1110.12	2.321
1110.17	2.343
1110.22	2.361
1110.27	2.375
1110.32	2.379
1110.37	2.378
1110.42	2.368
1110.47	2.346
1110.52	2.319
1110.57	2.291
1110.62	2.27
1110.67	2.257
1110.72	2.258
1110.77	2.262
1110.82	2.266
1110.87	2.277
1110.92	2.29
1110.97	2.313
1111.02	2.344
1111.07	2.367
1111.12	2.394
1111.17	2.404
1111.22	2.417
1111.27	2.424
1111.32	2.43
1111.37	2.44
1111.42	2.446
1111.47	2.446
1111.52	2.429
1111.57	2.404
1111.62	2.374
1111.67	2.355
1111.72	2.347
1111.77	2.354
1111.82	2.364
1111.87	2.369
1111.92	2.366
1111.97	2.36
1112.02	2.353
1112.07	2.345
1112.12	2.336
1112.17	2.337
1112.22	2.339
1112.27	2.345
1112.32	2.358
1112.37	2.366
1112.42	2.372
1112.47	2.367
1112.52	2.35
1112.57	2.328
1112.62	2.307
1112.67	2.29
1112.72	2.273
1112.77	2.257
1112.82	2.242
1112.87	2.229
1112.92	2.219
1112.97	2.219
1113.02	2.221
1113.07	2.227
1113.12	2.239
1113.17	2.252
1113.22	2.259
1113.27	2.248
1113.32	2.251
1113.37	2.242
1113.42	2.251
1113.47	2.241
1113.52	2.227
1113.57	2.212
1113.62	2.201
1113.67	2.202
1113.72	2.217
1113.77	2.237
1113.82	2.25
1113.87	2.262
1113.92	2.264
1113.97	2.264
1114.02	2.258
1114.07	2.253
1114.12	2.246
1114.17	2.253
1114.22	2.258
1114.27	2.278
1114.32	2.299
1114.37	2.313
1114.42	2.322
1114.47	2.321
1114.52	2.322
1114.57	2.327
1114.62	2.337
1114.67	2.348
1114.72	2.353
1114.77	2.355
1114.82	2.355
1114.87	2.361
1114.92	2.377
1114.97	2.383
1115.02	2.385
1115.07	2.381
1115.12	2.371
1115.17	2.358
1115.22	2.34
1115.27	2.329
1115.32	2.318
1115.37	2.309
1115.42	2.297
1115.47	2.282
1115.52	2.258
1115.57	2.241
1115.62	2.229
1115.67	2.217
1115.72	2.208
1115.77	2.21
1115.82	2.226
1115.87	2.249
1115.92	2.27
1115.97	2.269
1116.02	2.276
1116.07	2.29
1116.12	2.29
1116.17	2.286
1116.22	2.28
